       S2         alpha          B3     error       B3*    error*
0    0.00  0.000000e+00  587.776607  0.174439  0.419461  0.000124
1    0.01  3.900927e-01  588.413150  0.175374  0.419359  0.000125
2    0.02  5.557070e-01  588.013645  0.172924  0.419532  0.000123
3    0.03  6.856404e-01  587.770726  0.175934  0.419534  0.000126
4    0.04  7.976520e-01  587.427093  0.173932  0.419765  0.000124
5    0.05  8.985869e-01  587.453839  0.173112  0.419743  0.000124
6    0.06  9.919443e-01  586.647916  0.172738  0.419905  0.000124
7    0.07  1.079800e+00  587.263355  0.173707  0.420211  0.000124
8    0.08  1.163508e+00  586.611144  0.175694  0.420413  0.000126
9    0.09  1.244011e+00  586.844300  0.174207  0.420589  0.000125
10   0.10  1.321999e+00  585.788529  0.174183  0.420933  0.000125
11   0.11  1.397998e+00  585.533563  0.171101  0.421074  0.000123
12   0.12  1.472423e+00  585.280970  0.173237  0.421339  0.000125
13   0.13  1.545606e+00  584.486210  0.173961  0.421593  0.000125
14   0.14  1.617826e+00  584.037595  0.175291  0.422184  0.000127
15   0.15  1.689315e+00  583.629667  0.170942  0.422664  0.000124
16   0.16  1.760274e+00  582.713829  0.171622  0.423177  0.000125
17   0.17  1.830881e+00  582.597255  0.172560  0.423443  0.000125
18   0.18  1.901291e+00  581.502963  0.171519  0.423980  0.000125
19   0.19  1.971647e+00  580.395504  0.169846  0.424468  0.000124
20   0.20  2.042078e+00  579.851021  0.168902  0.424887  0.000124
21   0.21  2.112705e+00  579.412505  0.168050  0.425575  0.000123
22   0.22  2.183640e+00  577.288403  0.167354  0.425655  0.000123
23   0.23  2.254993e+00  577.164453  0.169049  0.426596  0.000125
24   0.24  2.326865e+00  576.318083  0.170384  0.427078  0.000126
25   0.25  2.399357e+00  574.899942  0.169118  0.427722  0.000126
26   0.26  2.472568e+00  573.400317  0.165878  0.428054  0.000124
27   0.27  2.546595e+00  572.970642  0.167091  0.428935  0.000125
28   0.28  2.621534e+00  570.977379  0.166741  0.429507  0.000125
29   0.29  2.697482e+00  570.234237  0.165784  0.430252  0.000125
30   0.30  2.774537e+00  568.100050  0.166440  0.430757  0.000126
31   0.31  2.852800e+00  567.870547  0.165432  0.431734  0.000126
32   0.32  2.932370e+00  565.492750  0.162531  0.432360  0.000124
33   0.33  3.013354e+00  564.738914  0.163340  0.433035  0.000125
34   0.34  3.095858e+00  563.125596  0.161214  0.433959  0.000124
35   0.35  3.179995e+00  561.430932  0.156491  0.434620  0.000121
36   0.36  3.265879e+00  558.840577  0.160013  0.435443  0.000125
37   0.37  3.353633e+00  557.439389  0.159561  0.436328  0.000125
38   0.38  3.443383e+00  556.037745  0.158964  0.437409  0.000125
39   0.39  3.535262e+00  553.777904  0.156071  0.438104  0.000123
40   0.40  3.629410e+00  552.366642  0.159372  0.439024  0.000127
41   0.41  3.725976e+00  550.020523  0.156608  0.439933  0.000125
42   0.42  3.825115e+00  548.762114  0.154464  0.441066  0.000124
43   0.43  3.926995e+00  545.980655  0.156979  0.441835  0.000127
44   0.44  4.031792e+00  544.433183  0.152528  0.443055  0.000124
45   0.45  4.139693e+00  541.949099  0.150262  0.443699  0.000123
46   0.46  4.250900e+00  539.270085  0.154329  0.444964  0.000127
47   0.47  4.365627e+00  536.987843  0.153143  0.446032  0.000127
48   0.48  4.484105e+00  534.057525  0.153038  0.446814  0.000128
49   0.49  4.606581e+00  532.313566  0.149793  0.448138  0.000126
50   0.50  4.733319e+00  529.827339  0.148259  0.449144  0.000126
51   0.51  4.864608e+00  526.580408  0.149273  0.450305  0.000128
52   0.52  5.000756e+00  524.198291  0.145323  0.451480  0.000125
53   0.53  5.142097e+00  521.632351  0.147677  0.452688  0.000128
54   0.54  5.288994e+00  518.492945  0.144110  0.453930  0.000126
55   0.55  5.441841e+00  515.578314  0.141062  0.455129  0.000125
56   0.56  5.601067e+00  512.814567  0.141397  0.456329  0.000126
57   0.57  5.767140e+00  509.756544  0.141130  0.457892  0.000127
58   0.58  5.940570e+00  506.484530  0.138988  0.459099  0.000126
59   0.59  6.121918e+00  503.555990  0.139507  0.460457  0.000128
60   0.60  6.311799e+00  500.490782  0.138460  0.461844  0.000128
61   0.61  6.510889e+00  497.120814  0.136370  0.463515  0.000127
62   0.62  6.719937e+00  493.870179  0.132910  0.464869  0.000125
63   0.63  6.939769e+00  490.098020  0.131936  0.466135  0.000125
64   0.64  7.171304e+00  486.689168  0.132724  0.467892  0.000128
65   0.65  7.415565e+00  483.054489  0.132053  0.469379  0.000128
66   0.66  7.673692e+00  479.675792  0.131457  0.470967  0.000129
67   0.67  7.946964e+00  475.886864  0.130158  0.472932  0.000129
68   0.68  8.236819e+00  471.973642  0.126263  0.474739  0.000127
69   0.69  8.544880e+00  468.477227  0.127248  0.476755  0.000129
70   0.70  8.872984e+00  463.670453  0.123545  0.478369  0.000127
71   0.71  9.223221e+00  460.143153  0.123702  0.480444  0.000129
72   0.72  9.597979e+00  456.256401  0.121702  0.482490  0.000129
73   0.73  1.000000e+01  451.502426  0.118390  0.484516  0.000127
74   0.74  1.043244e+01  447.229724  0.116301  0.486813  0.000127
75   0.75  1.089898e+01  442.788062  0.117345  0.488797  0.000130
76   0.76  1.140388e+01  438.120787  0.115004  0.491216  0.000129
77   0.77  1.195217e+01  433.223742  0.114370  0.493376  0.000130
78   0.78  1.254978e+01  428.169509  0.112353  0.495798  0.000130
79   0.79  1.320377e+01  423.554067  0.110495  0.498564  0.000130
80   0.80  1.392262e+01  418.645781  0.108670  0.501619  0.000130
81   0.81  1.471657e+01  413.224186  0.107903  0.504190  0.000132
82   0.82  1.559816e+01  407.636040  0.103985  0.506799  0.000129
83   0.83  1.658289e+01  402.308039  0.102190  0.509758  0.000129
84   0.84  1.769008e+01  396.311378  0.101080  0.513130  0.000131
85   0.85  1.894427e+01  390.564212  0.097985  0.516748  0.000130
86   0.86  2.037696e+01  384.105577  0.095108  0.520070  0.000129
87   0.87  2.202937e+01  377.324775  0.095821  0.523580  0.000133
88   0.88  2.395644e+01  370.600000  0.089687  0.527761  0.000128
89   0.89  2.623310e+01  363.864021  0.088414  0.531974  0.000129
90   0.90  2.896424e+01  356.437572  0.085957  0.536298  0.000129
91   0.91  3.230139e+01  348.091571  0.084883  0.540822  0.000132
92   0.92  3.647181e+01  339.396485  0.081288  0.545771  0.000131
93   0.93  4.183265e+01  330.965060  0.079881  0.551246  0.000133
94   0.94  4.897916e+01  321.107543  0.077016  0.557074  0.000134
95   0.95  5.898275e+01  310.921419  0.073259  0.563536  0.000133
96   0.96  7.398630e+01  299.069353  0.068684  0.570346  0.000131
97   0.97  9.898979e+01  285.095600  0.064989  0.577837  0.000132
98   0.98  1.489932e+02  268.415387  0.060706  0.586133  0.000133
99   0.99  2.989966e+02  246.662096  0.054642  0.595135  0.000132
100  1.00  1.000000e+14  189.085498  0.042135  0.596751  0.000133