       S2         alpha           B4     error       B4*    error*
0    0.00  0.000000e+00  2766.922043  7.139409  0.052749  0.000136
1    0.01  3.900927e-01  2776.619927  7.195160  0.052829  0.000137
2    0.02  5.557070e-01  2776.093775  7.171614  0.052905  0.000137
3    0.03  6.856404e-01  2773.604656  7.197898  0.052891  0.000137
4    0.04  7.976520e-01  2779.535315  7.070626  0.053095  0.000135
5    0.05  8.985869e-01  2778.684760  7.226163  0.053071  0.000138
6    0.06  9.919443e-01  2775.784258  7.031411  0.053155  0.000135
7    0.07  1.079800e+00  2782.938715  7.134763  0.053267  0.000137
8    0.08  1.163508e+00  2781.074680  7.130417  0.053358  0.000137
9    0.09  1.244011e+00  2799.403213  7.206414  0.053712  0.000138
10   0.10  1.321999e+00  2795.705208  7.036404  0.053852  0.000136
11   0.11  1.397998e+00  2822.468183  7.051136  0.054430  0.000136
12   0.12  1.472423e+00  2818.618079  7.136584  0.054442  0.000138
13   0.13  1.545606e+00  2830.823511  7.120036  0.054839  0.000138
14   0.14  1.617826e+00  2823.503391  7.046062  0.054876  0.000137
15   0.15  1.689315e+00  2838.726910  6.998313  0.055324  0.000136
16   0.16  1.760274e+00  2832.710411  6.954475  0.055437  0.000136
17   0.17  1.830881e+00  2843.438930  7.084272  0.055716  0.000139
18   0.18  1.901291e+00  2870.508252  6.985819  0.056513  0.000138
19   0.19  1.971647e+00  2864.740335  6.858197  0.056659  0.000136
20   0.20  2.042078e+00  2886.494901  6.955310  0.057254  0.000138
21   0.21  2.112705e+00  2895.753189  6.850815  0.057643  0.000136
22   0.22  2.183640e+00  2905.500795  6.933829  0.058173  0.000139
23   0.23  2.254993e+00  2903.756959  6.909348  0.058349  0.000139
24   0.24  2.326865e+00  2915.805059  6.917632  0.058820  0.000140
25   0.25  2.399357e+00  2928.352690  6.779249  0.059426  0.000138
26   0.26  2.472568e+00  2958.468464  6.748128  0.060343  0.000138
27   0.27  2.546595e+00  2947.022059  6.876628  0.060363  0.000141
28   0.28  2.621534e+00  2956.909188  6.729699  0.061005  0.000139
29   0.29  2.697482e+00  2970.457771  6.656447  0.061564  0.000138
30   0.30  2.774537e+00  2982.806964  6.609081  0.062278  0.000138
31   0.31  2.852800e+00  2994.695827  6.669447  0.062777  0.000140
32   0.32  2.932370e+00  3004.121225  6.578393  0.063510  0.000139
33   0.33  3.013354e+00  3015.147778  6.524084  0.064021  0.000139
34   0.34  3.095858e+00  3027.055501  6.453983  0.064757  0.000138
35   0.35  3.179995e+00  3042.198956  6.522329  0.065525  0.000140
36   0.36  3.265879e+00  3039.028120  6.425321  0.066100  0.000140
37   0.37  3.353633e+00  3056.434769  6.341850  0.066933  0.000139
38   0.38  3.443383e+00  3060.533039  6.344229  0.067526  0.000140
39   0.39  3.535262e+00  3067.951598  6.246503  0.068267  0.000139
40   0.40  3.629410e+00  3073.008942  6.354233  0.068858  0.000142
41   0.41  3.725976e+00  3087.603835  6.207289  0.069845  0.000140
42   0.42  3.825115e+00  3109.212379  6.226781  0.070848  0.000142
43   0.43  3.926995e+00  3110.135391  6.116244  0.071598  0.000141
44   0.44  4.031792e+00  3119.638183  5.965972  0.072423  0.000139
45   0.45  4.139693e+00  3125.208963  6.024536  0.073211  0.000141
46   0.46  4.250900e+00  3127.077225  5.937053  0.074117  0.000141
47   0.47  4.365627e+00  3134.917543  5.871748  0.075046  0.000141
48   0.48  4.484105e+00  3142.977357  5.846133  0.076059  0.000141
49   0.49  4.606581e+00  3153.233114  5.698321  0.077023  0.000139
50   0.50  4.733319e+00  3173.172837  5.781769  0.078320  0.000143
51   0.51  4.864608e+00  3162.935503  5.697125  0.079096  0.000142
52   0.52  5.000756e+00  3172.465868  5.604021  0.080188  0.000142
53   0.53  5.142097e+00  3181.547482  5.534301  0.081337  0.000141
54   0.54  5.288994e+00  3177.402484  5.471090  0.082308  0.000142
55   0.55  5.441841e+00  3179.383679  5.303066  0.083388  0.000139
56   0.56  5.601067e+00  3184.471052  5.392565  0.084531  0.000143
57   0.57  5.767140e+00  3179.419070  5.294250  0.085595  0.000143
58   0.58  5.940570e+00  3192.189908  5.241286  0.087116  0.000143
59   0.59  6.121918e+00  3192.732614  5.211134  0.088282  0.000144
60   0.60  6.311799e+00  3188.506657  5.212698  0.089379  0.000146
61   0.61  6.510889e+00  3191.005427  5.047731  0.090851  0.000144
62   0.62  6.719937e+00  3186.042593  5.002130  0.092009  0.000144
63   0.63  6.939769e+00  3194.937923  4.834664  0.093714  0.000142
64   0.64  7.171304e+00  3185.488298  4.797360  0.094955  0.000143
65   0.65  7.415565e+00  3190.713604  4.754230  0.096645  0.000144
66   0.66  7.673692e+00  3195.081050  4.669717  0.098298  0.000144
67   0.67  7.946964e+00  3182.693780  4.621333  0.099710  0.000145
68   0.68  8.236819e+00  3179.346918  4.521090  0.101425  0.000144
69   0.69  8.544880e+00  3179.281766  4.550318  0.103214  0.000148
70   0.70  8.872984e+00  3168.424568  4.418383  0.104996  0.000146
71   0.71  9.223221e+00  3168.346669  4.374852  0.106895  0.000148
72   0.72  9.597979e+00  3168.551040  4.308113  0.108963  0.000148
73   0.73  1.000000e+01  3152.890513  4.119089  0.110836  0.000145
74   0.74  1.043244e+01  3142.363882  4.126719  0.112851  0.000148
75   0.75  1.089898e+01  3150.193639  4.014903  0.115541  0.000147
76   0.76  1.140388e+01  3133.010323  3.930774  0.117620  0.000148
77   0.77  1.195217e+01  3124.467387  3.860310  0.120081  0.000148
78   0.78  1.254978e+01  3103.345623  3.747168  0.122282  0.000148
79   0.79  1.320377e+01  3103.296178  3.662979  0.125326  0.000148
80   0.80  1.392262e+01  3091.479691  3.549377  0.128220  0.000147
81   0.81  1.471657e+01  3070.755958  3.483511  0.130875  0.000148
82   0.82  1.559816e+01  3064.007952  3.405512  0.134318  0.000149
83   0.83  1.658289e+01  3040.358004  3.328854  0.137130  0.000150
84   0.84  1.769008e+01  3020.382076  3.245433  0.140718  0.000151
85   0.85  1.894427e+01  3002.339348  3.147151  0.144490  0.000151
86   0.86  2.037696e+01  2976.426870  3.067268  0.148290  0.000153
87   0.87  2.202937e+01  2950.281528  2.936062  0.152498  0.000152
88   0.88  2.395644e+01  2921.086415  2.836966  0.156979  0.000152
89   0.89  2.623310e+01  2893.632597  2.760172  0.161760  0.000154
90   0.90  2.896424e+01  2856.812771  2.633598  0.166731  0.000154
91   0.91  3.230139e+01  2814.310825  2.520880  0.172351  0.000154
92   0.92  3.647181e+01  2760.459480  2.346815  0.178006  0.000151
93   0.93  4.183265e+01  2720.132202  2.268121  0.184899  0.000154
94   0.94  4.897916e+01  2649.748192  2.136797  0.191469  0.000154
95   0.95  5.898275e+01  2581.417011  2.024346  0.199189  0.000156
96   0.96  7.398630e+01  2497.886178  1.869666  0.208028  0.000156
97   0.97  9.898979e+01  2384.558973  1.748030  0.217585  0.000160
98   0.98  1.489932e+02  2235.875790  1.576435  0.228156  0.000161
99   0.99  2.989966e+02  2018.093864  1.319772  0.239173  0.000156
100  1.00  1.000000e+14  1327.340511  0.923918  0.235334  0.000164