       S2         alpha            B5       error       B5*    error*
0    0.00  0.000000e+00  21763.261398  341.813707  0.011084  0.000174
1    0.01  3.900927e-01  22055.906756  336.149985  0.011203  0.000171
2    0.02  5.557070e-01  21892.856781  341.479304  0.011144  0.000174
3    0.03  6.856404e-01  22224.621684  340.622604  0.011323  0.000174
4    0.04  7.976520e-01  21583.187203  331.527652  0.011021  0.000169
5    0.05  8.985869e-01  21300.199068  339.245290  0.010874  0.000173
6    0.06  9.919443e-01  22140.814808  337.126536  0.011343  0.000173
7    0.07  1.079800e+00  21877.058399  337.002867  0.011201  0.000173
8    0.08  1.163508e+00  21226.670695  339.865149  0.010903  0.000175
9    0.09  1.244011e+00  21581.283691  334.958725  0.011085  0.000172
10   0.10  1.321999e+00  21454.008449  335.469393  0.011078  0.000173
11   0.11  1.397998e+00  21215.213673  340.316809  0.010971  0.000176
12   0.12  1.472423e+00  20379.973382  332.736630  0.010562  0.000172
13   0.13  1.545606e+00  21252.335677  330.268868  0.011057  0.000172
14   0.14  1.617826e+00  20762.094466  331.349024  0.010849  0.000173
15   0.15  1.689315e+00  20588.904809  328.064642  0.010798  0.000172
16   0.16  1.760274e+00  20808.491175  324.107454  0.010974  0.000171
17   0.17  1.830881e+00  20683.112863  330.149227  0.010926  0.000174
18   0.18  1.901291e+00  19747.999077  326.166806  0.010498  0.000173
19   0.19  1.971647e+00  20712.839094  321.153031  0.011079  0.000172
20   0.20  2.042078e+00  19881.007159  324.520034  0.010675  0.000174
21   0.21  2.112705e+00  19915.263556  317.963035  0.010744  0.000172
22   0.22  2.183640e+00  19718.597782  315.404216  0.010720  0.000171
23   0.23  2.254993e+00  19548.657099  313.910709  0.010680  0.000171
24   0.24  2.326865e+00  20061.644257  318.906672  0.011017  0.000175
25   0.25  2.399357e+00  18953.606551  309.602060  0.010491  0.000171
26   0.26  2.472568e+00  18844.279855  308.004980  0.010502  0.000172
27   0.27  2.546595e+00  18927.452788  309.034107  0.010607  0.000173
28   0.28  2.621534e+00  18225.910570  307.721722  0.010313  0.000174
29   0.29  2.697482e+00  18547.441322  301.309777  0.010559  0.000172
30   0.30  2.774537e+00  18447.414882  299.403590  0.010606  0.000172
31   0.31  2.852800e+00  18028.897343  299.780059  0.010421  0.000173
32   0.32  2.932370e+00  18225.157908  296.485785  0.010654  0.000173
33   0.33  3.013354e+00  17549.196854  296.477971  0.010318  0.000174
34   0.34  3.095858e+00  17633.698582  292.019902  0.010472  0.000173
35   0.35  3.179995e+00  17344.241462  284.870558  0.010394  0.000171
36   0.36  3.265879e+00  17374.977617  279.454430  0.010549  0.000170
37   0.37  3.353633e+00  17611.962865  284.167662  0.010790  0.000174
38   0.38  3.443383e+00  16677.729613  277.194102  0.010321  0.000172
39   0.39  3.535262e+00  17309.063487  280.506731  0.010833  0.000176
40   0.40  3.629410e+00  16641.176820  280.940024  0.010512  0.000177
41   0.41  3.725976e+00  16331.626674  273.727010  0.010448  0.000175
42   0.42  3.825115e+00  15934.686285  270.224506  0.010294  0.000175
43   0.43  3.926995e+00  16374.916713  265.509967  0.010724  0.000174
44   0.44  4.031792e+00  15842.095173  262.886907  0.010492  0.000174
45   0.45  4.139693e+00  15999.297438  260.861109  0.010724  0.000175
46   0.46  4.250900e+00  15859.219969  252.601163  0.010797  0.000172
47   0.47  4.365627e+00  15970.080767  253.549910  0.011018  0.000175
48   0.48  4.484105e+00  15264.877201  249.909850  0.010685  0.000175
49   0.49  4.606581e+00  15586.042148  246.890661  0.011046  0.000175
50   0.50  4.733319e+00  15120.173504  245.164593  0.010866  0.000176
51   0.51  4.864608e+00  15093.843260  241.298327  0.011038  0.000176
52   0.52  5.000756e+00  14782.430309  240.566920  0.010966  0.000178
53   0.53  5.142097e+00  14976.761659  230.450267  0.011279  0.000174
54   0.54  5.288994e+00  15248.955941  225.895299  0.011688  0.000173
55   0.55  5.441841e+00  15019.133722  227.219000  0.011704  0.000177
56   0.56  5.601067e+00  14824.064936  219.896133  0.011738  0.000174
57   0.57  5.767140e+00  14402.842056  218.584177  0.011621  0.000176
58   0.58  5.940570e+00  14861.791774  215.497459  0.012211  0.000177
59   0.59  6.121918e+00  14561.732085  211.945535  0.012176  0.000177
60   0.60  6.311799e+00  14353.008508  208.416737  0.012222  0.000177
61   0.61  6.510889e+00  14574.641269  199.287596  0.012671  0.000173
62   0.62  6.719937e+00  14628.687360  200.444207  0.012961  0.000178
63   0.63  6.939769e+00  14263.383356  190.892599  0.012903  0.000173
64   0.64  7.171304e+00  14456.731200  189.033755  0.013362  0.000175
65   0.65  7.415565e+00  14228.527287  189.957324  0.013434  0.000179
66   0.66  7.673692e+00  14627.908528  181.378139  0.014102  0.000175
67   0.67  7.946964e+00  13980.061765  179.396167  0.013807  0.000177
68   0.68  8.236819e+00  14317.240820  174.733601  0.014486  0.000177
69   0.69  8.544880e+00  14028.482615  173.053523  0.014529  0.000179
70   0.70  8.872984e+00  14278.287597  163.238579  0.015198  0.000174
71   0.71  9.223221e+00  14091.501323  160.139803  0.015362  0.000175
72   0.72  9.597979e+00  14181.526048  156.371737  0.015859  0.000175
73   0.73  1.000000e+01  14169.334582  151.956732  0.016317  0.000175
74   0.74  1.043244e+01  14226.316478  149.057515  0.016856  0.000177
75   0.75  1.089898e+01  14595.829087  145.032371  0.017787  0.000177
76   0.76  1.140388e+01  14288.124528  142.358738  0.017961  0.000179
77   0.77  1.195217e+01  14403.004489  135.719623  0.018680  0.000176
78   0.78  1.254978e+01  14697.617941  133.658020  0.019707  0.000179
79   0.79  1.320377e+01  14705.097805  130.204783  0.020375  0.000180
80   0.80  1.392262e+01  14842.464234  125.010077  0.021309  0.000179
81   0.81  1.471657e+01  14783.685522  122.089258  0.022009  0.000182
82   0.82  1.559816e+01  14810.262367  115.679377  0.022892  0.000179
83   0.83  1.658289e+01  14897.753814  109.359657  0.023918  0.000176
84   0.84  1.769008e+01  14896.730138  104.260730  0.024973  0.000175
85   0.85  1.894427e+01  15195.953805  100.537412  0.026601  0.000176
86   0.86  2.037696e+01  15227.193906   96.196277  0.027915  0.000176
87   0.87  2.202937e+01  15189.757417   92.063856  0.029247  0.000177
88   0.88  2.395644e+01  15455.451186   87.759081  0.031343  0.000178
89   0.89  2.623310e+01  15497.603152   82.245578  0.033126  0.000176
90   0.90  2.896424e+01  15752.700993   79.083539  0.035662  0.000179
91   0.91  3.230139e+01  15651.040905   72.509771  0.037780  0.000175
92   0.92  3.647181e+01  15685.401387   69.652822  0.040560  0.000180
93   0.93  4.183265e+01  15635.719794   64.570474  0.043376  0.000179
94   0.94  4.897916e+01  15463.887917   58.048874  0.046542  0.000175
95   0.95  5.898275e+01  15484.321881   54.797390  0.050867  0.000180
96   0.96  7.398630e+01  15123.985636   48.940054  0.055005  0.000178
97   0.97  9.898979e+01  14704.444340   43.259235  0.060406  0.000178
98   0.98  1.489932e+02  13766.832510   37.664369  0.065647  0.000180
99   0.99  2.989966e+02  12261.036575   30.822536  0.071376  0.000179
100  1.00  1.000000e+14   6154.776719   18.423512  0.061303  0.000184