      density       alpha     S_nem     F(iso)     F(nem)     P(iso)     P(nem)     mu(iso)     mu(nem)
0    0.001000    3.538333  0.390330  -7.869999  -8.221161   0.001038   0.001036   -6.831947   -7.185036
1    0.001498    3.547921  0.391359  -7.446845  -7.798973   0.001584   0.001580   -6.389399   -6.744453
2    0.001996    3.557680  0.392404  -7.140659  -7.493766   0.002150   0.002142   -6.063521   -6.420582
3    0.002494    3.567611  0.393464  -6.898596  -7.252697   0.002736   0.002724   -5.801465   -6.160575
4    0.002992    3.577717  0.394540  -6.697072  -7.052180   0.003343   0.003325   -5.579646   -5.940846
5    0.003490    3.588002  0.395632  -6.523492  -6.879621   0.003972   0.003947   -5.385467   -5.748799
6    0.003988    3.598468  0.396741  -6.370333  -6.727497   0.004622   0.004589   -5.211401   -5.576909
7    0.004486    3.609119  0.397866  -6.232739  -6.590952   0.005294   0.005251   -5.052591   -5.420319
8    0.004984    3.619958  0.399007  -6.107393  -6.466669   0.005989   0.005936   -4.905717   -5.275709
9    0.005482    3.630989  0.400166  -5.991927  -6.352282   0.006707   0.006642   -4.768410   -5.140712
10   0.005980    3.642215  0.401341  -5.884595  -6.246042   0.007449   0.007370   -4.638919   -5.013576
11   0.006478    3.653636  0.402533  -5.784067  -6.146621   0.008215   0.008121   -4.515914   -4.892974
12   0.006976    3.665263  0.403743  -5.689311  -6.052988   0.009006   0.008895   -4.398359   -4.777869
13   0.007474    3.677097  0.404971  -5.599507  -5.964323   0.009821   0.009693   -4.285434   -4.667442
14   0.007972    3.689141  0.406216  -5.513997  -5.879965   0.010663   0.010515   -4.176475   -4.561030
15   0.008470    3.701400  0.407480  -5.432238  -5.799375   0.011530   0.011361   -4.070939   -4.458091
16   0.008968    3.713877  0.408761  -5.353783  -5.722105   0.012424   0.012232   -3.968376   -4.358177
17   0.009466    3.726578  0.410062  -5.278258  -5.647781   0.013346   0.013128   -3.868408   -4.260909
18   0.009964    3.739506  0.411381  -5.205343  -5.576083   0.014295   0.014050   -3.770714   -4.165969
19   0.010462    3.752666  0.412719  -5.134769  -5.506742   0.015272   0.014999   -3.675021   -4.073084
20   0.010960    3.766062  0.414076  -5.066300  -5.439524   0.016278   0.015974   -3.581091   -3.982019
21   0.011458    3.779700  0.415452  -4.999736  -5.374227   0.017313   0.016977   -3.488721   -3.892568
22   0.011956    3.793585  0.416849  -4.934899  -5.310674   0.018378   0.018007   -3.397730   -3.804555
23   0.012454    3.807721  0.418265  -4.871633  -5.248711   0.019474   0.019066   -3.307961   -3.717823
24   0.012952    3.822114  0.419701  -4.809802  -5.188200   0.020601   0.020153   -3.219273   -3.632232
25   0.013450    3.836770  0.421158  -4.749284  -5.129020   0.021759   0.021269   -3.131541   -3.547659
26   0.013948    3.851693  0.422635  -4.689971  -5.071063   0.022949   0.022415   -3.044655   -3.463995
27   0.014446    3.866888  0.424134  -4.631765  -5.014232   0.024172   0.023592   -2.958515   -3.381141
28   0.014944    3.882363  0.425653  -4.574579  -4.958440   0.025428   0.024799   -2.873029   -3.299008
29   0.015442    3.898124  0.427194  -4.518333  -4.903608   0.026718   0.026037   -2.788116   -3.217516
30   0.015940    3.914175  0.428757  -4.462958  -4.849665   0.028043   0.027306   -2.703702   -3.136591
31   0.016438    3.930523  0.430341  -4.408387  -4.796547   0.029402   0.028608   -2.619718   -3.056168
32   0.016936    3.947174  0.431948  -4.354561  -4.744194   0.030797   0.029943   -2.536102   -2.976185
33   0.017434    3.964135  0.433577  -4.301427  -4.692554   0.032229   0.031311   -2.452797   -2.896588
34   0.017932    3.981413  0.435229  -4.248934  -4.641576   0.033698   0.032712   -2.369750   -2.817325
35   0.018430    3.999015  0.436903  -4.197036  -4.591215   0.035204   0.034148   -2.286912   -2.738349
36   0.018928    4.016947  0.438601  -4.145693  -4.541429   0.036748   0.035619   -2.204237   -2.659617
37   0.019426    4.035217  0.440322  -4.094863  -4.492180   0.038331   0.037125   -2.121684   -2.581088
38   0.019924    4.053835  0.442067  -4.044513  -4.443433   0.039954   0.038667   -2.039213   -2.502726
39   0.020422    4.072803  0.443836  -3.994608  -4.395154   0.041616   0.040245   -1.956788   -2.424496
40   0.020920    4.092131  0.445629  -3.945117  -4.347312   0.043320   0.041860   -1.874373   -2.346366
41   0.021418    4.111827  0.447446  -3.896011  -4.299880   0.045065   0.043512   -1.791936   -2.268304
42   0.021916    4.131900  0.449288  -3.847262  -4.252830   0.046852   0.045203   -1.709447   -2.190285
43   0.022414    4.152357  0.451154  -3.798847  -4.206137   0.048683   0.046932   -1.626878   -2.112280
44   0.022912    4.173207  0.453046  -3.750740  -4.159778   0.050556   0.048700   -1.544200   -2.034265
45   0.023410    4.194461  0.454963  -3.702920  -4.113732   0.052474   0.050507   -1.461388   -1.956217
46   0.023908    4.216126  0.456906  -3.655365  -4.067978   0.054437   0.052355   -1.378418   -1.878115
47   0.024406    4.238210  0.458874  -3.608056  -4.022497   0.056446   0.054244   -1.295266   -1.799937
48   0.024904    4.260725  0.460869  -3.560975  -3.977271   0.058501   0.056174   -1.211910   -1.721664
49   0.025402    4.283679  0.462890  -3.514103  -3.932282   0.060603   0.058145   -1.128328   -1.643278
50   0.025900    4.307084  0.464937  -3.467425  -3.887515   0.062754   0.060159   -1.044501   -1.564762
51   0.026398    4.330948  0.467011  -3.420923  -3.842954   0.064953   0.062216   -0.960409   -1.486099
52   0.026896    4.355284  0.469111  -3.374584  -3.798586   0.067201   0.064317   -0.876033   -1.407273
53   0.027394    4.380102  0.471239  -3.328393  -3.754396   0.069500   0.066461   -0.791356   -1.328271
54   0.027892    4.405414  0.473395  -3.282337  -3.710372   0.071849   0.068650   -0.706359   -1.249077
55   0.028390    4.431232  0.475578  -3.236403  -3.666501   0.074251   0.070885   -0.621027   -1.169679
56   0.028888    4.457568  0.477788  -3.190579  -3.622772   0.076704   0.073165   -0.535343   -1.090065
57   0.029386    4.484434  0.480027  -3.144852  -3.579175   0.079212   0.075491   -0.449292   -1.010221
58   0.029884    4.511845  0.482295  -3.099213  -3.535698   0.081773   0.077865   -0.362858   -0.930138
59   0.030382    4.539817  0.484591  -3.053649  -3.492331   0.084390   0.080285   -0.276027   -0.849804
60   0.030880    4.568359  0.486915  -3.008152  -3.449066   0.087062   0.082754   -0.188785   -0.769208
61   0.031378    4.597489  0.489269  -2.962710  -3.405892   0.089791   0.085271   -0.101118   -0.688342
62   0.031876    4.627224  0.491653  -2.917316  -3.362803   0.092578   0.087838   -0.013012   -0.607195
63   0.032374    4.657581  0.494066  -2.871959  -3.319788   0.095423   0.090454    0.075546   -0.525760
64   0.032872    4.688573  0.496509  -2.826632  -3.276840   0.098327   0.093120    0.164568   -0.444027
65   0.033370    4.720223  0.498983  -2.781325  -3.233953   0.101291   0.095837    0.254067   -0.361989
66   0.033868    4.752550  0.501487  -2.736031  -3.191118   0.104316   0.098606    0.344056   -0.279639
67   0.034366    4.785574  0.504023  -2.690743  -3.148329   0.107404   0.101426    0.434545   -0.196969
68   0.034864    4.819314  0.506590  -2.645451  -3.105579   0.110554   0.104299    0.525548   -0.113973
69   0.035362    4.853794  0.509190  -2.600151  -3.062862   0.113768   0.107225    0.617075   -0.030644
70   0.035860    4.889039  0.511822  -2.554833  -3.020172   0.117046   0.110205    0.709137    0.053023
71   0.036358    4.925075  0.514487  -2.509493  -2.977504   0.120390   0.113238    0.801747    0.137033
72   0.036856    4.961928  0.517186  -2.464122  -2.934850   0.123801   0.116326    0.894914    0.221392
73   0.037354    4.999626  0.519919  -2.418716  -2.892207   0.127279   0.119470    0.988650    0.306105
74   0.037852    5.038201  0.522686  -2.373267  -2.849569   0.130825   0.122669    1.082964    0.391175
75   0.038350    5.077684  0.525490  -2.327770  -2.806932   0.134441   0.125924    1.177868    0.476607
76   0.038848    5.118110  0.528330  -2.282219  -2.764290   0.138128   0.129235    1.273373    0.562404
77   0.039346    5.159517  0.531206  -2.236609  -2.721639   0.141885   0.132604    1.369486    0.648569
78   0.039844    5.201943  0.534121  -2.190933  -2.678976   0.145716   0.136031    1.466220    0.735104
79   0.040342    5.245430  0.537075  -2.145187  -2.636295   0.149619   0.139515    1.563584    0.822011
80   0.040840    5.290023  0.540069  -2.099366  -2.593592   0.153597   0.143058    1.661588    0.909293
81   0.041338    5.335769  0.543103  -2.053464  -2.550865   0.157651   0.146660    1.760241    0.996951
82   0.041836    5.382721  0.546180  -2.007477  -2.508110   0.161781   0.150321    1.859553    1.084984
83   0.042334    5.430933  0.549300  -1.961399  -2.465323   0.165989   0.154041    1.959534    1.173393
84   0.042832    5.480459  0.552464  -1.915226  -2.422500   0.170275   0.157822    2.060193    1.262179
85   0.043330    5.531369  0.555674  -1.868954  -2.379639   0.174641   0.161663    2.161540    1.351339
86   0.043828    5.583727  0.558931  -1.822578  -2.336738   0.179088   0.165565    2.263583    1.440872
87   0.044326    5.637604  0.562237  -1.776094  -2.293792   0.183617   0.169528    2.366333    1.530776
88   0.044824    5.693074  0.565593  -1.729497  -2.250799   0.188229   0.173552    2.469798    1.621048
89   0.045322    5.750221  0.569001  -1.682783  -2.207757   0.192925   0.177637    2.573987    1.711685
90   0.045820    5.809131  0.572462  -1.635949  -2.164664   0.197707   0.181784    2.678910    1.802683
91   0.046318    5.869894  0.575978  -1.588989  -2.121518   0.202575   0.185992    2.784575    1.894036
92   0.046816    5.932611  0.579551  -1.541900  -2.078315   0.207530   0.190263    2.890992    1.985740
93   0.047314    5.997381  0.583182  -1.494679  -2.035055   0.212575   0.194595    2.998169    2.077787
94   0.047812    6.064316  0.586873  -1.447321  -1.991736   0.217709   0.198989    3.106116    2.170171
95   0.048310    6.133527  0.590625  -1.399822  -1.948355   0.222934   0.203445    3.214841    2.262884
96   0.048808    6.205137  0.594440  -1.352180  -1.904913   0.228252   0.207963    3.324354    2.355918
97   0.049306    6.279267  0.598320  -1.304390  -1.861406   0.233664   0.212542    3.434662    2.449264
98   0.049804    6.356048  0.602264  -1.256448  -1.817835   0.239170   0.217183    3.545775    2.542913
99   0.050302    6.435606  0.606275  -1.208352  -1.774198   0.244772   0.221885    3.657702    2.636854
100  0.050800    6.518073  0.610352  -1.160097  -1.730494   0.250472   0.226648    3.770452    2.731078
101  0.051298    6.603580  0.614495  -1.111681  -1.686723   0.256270   0.231472    3.884032    2.825575
102  0.051796    6.692256  0.618704  -1.063099  -1.642884   0.262168   0.236357    3.998453    2.920336
103  0.052294    6.784221  0.622977  -1.014350  -1.598975   0.268167   0.241302    4.113722    3.015350
104  0.052792    6.879579  0.627312  -0.965428  -1.554998   0.274269   0.246307    4.229848    3.110612
105  0.053290    6.978435  0.631707  -0.916332  -1.510952   0.280474   0.251372    4.346840    3.206113
106  0.053788    7.080866  0.636156  -0.867057  -1.466835   0.286785   0.256498    4.464707    3.301849
107  0.054286    7.186928  0.640656  -0.817602  -1.422649   0.293202   0.261684    4.583458    3.397817
108  0.054784    7.296651  0.645200  -0.767962  -1.378393   0.299727   0.266930    4.703101    3.494019
109  0.055282    7.410040  0.649780  -0.718134  -1.334066   0.306361   0.272237    4.823644    3.590456
110  0.055780    7.527061  0.654388  -0.668116  -1.289669   0.313105   0.277606    4.945097    3.687136
111  0.056278    7.647638  0.659016  -0.617904  -1.245201   0.319961   0.283037    5.067468    3.784071
112  0.056776    7.771674  0.663652  -0.567496  -1.200662   0.326931   0.288532    5.190766    3.881275
113  0.057274    7.899026  0.668287  -0.516888  -1.156050   0.334016   0.294091    5.314999    3.978765
114  0.057772    8.029525  0.672910  -0.466078  -1.111366   0.341216   0.299717    5.440177    4.076564
115  0.058270    8.162973  0.677509  -0.415062  -1.066609   0.348534   0.305411    5.566307    4.174696
116  0.058768    8.299150  0.682074  -0.363839  -1.021777   0.355972   0.311175    5.693399    4.273189
117  0.059266    8.437825  0.686595  -0.312403  -0.976870   0.363530   0.317010    5.821462    4.372070
118  0.059764    8.578758  0.691063  -0.260754  -0.931885   0.371210   0.322920    5.950503    4.471371
119  0.060262    8.721710  0.695469  -0.208888  -0.886821   0.379013   0.328906    6.080532    4.571120
120  0.060760    8.866450  0.699807  -0.156803  -0.841676   0.386942   0.334971    6.211558    4.671348
121  0.061258    9.012761  0.704071  -0.104495  -0.796449   0.394997   0.341117    6.343590    4.772082
122  0.061756    9.160429  0.708256  -0.051962  -0.751136   0.403180   0.347346    6.476635    4.873352
123  0.062254    9.309290  0.712358   0.000799  -0.705736   0.411493   0.353660    6.610703    4.975181
124  0.062752    9.459171  0.716376   0.053791  -0.660246   0.419937   0.360061    6.745803    5.077595
125  0.063250    9.609935  0.720308   0.107016  -0.614664   0.428514   0.366551    6.881943    5.180614
126  0.063748    9.761473  0.724153   0.160476  -0.568987   0.437226   0.373133    7.019133    5.284259
127  0.064246    9.913683  0.727913   0.214176  -0.523212   0.446073   0.379807    7.157380    5.388548
128  0.064744   10.066502  0.731587   0.268117  -0.477337   0.455058   0.386576    7.296695    5.493497
129  0.065242   10.219867  0.735177   0.322302  -0.431358   0.464183   0.393440    7.437086    5.599120
130  0.065740   10.373750  0.738686   0.376734  -0.385273   0.473448   0.400403    7.578562    5.705430
131  0.066238   10.528128  0.742115   0.431415  -0.339079   0.482856   0.407464    7.721131    5.812438
132  0.066736   10.682990  0.745466   0.486348  -0.292774   0.492409   0.414626    7.864803    5.920156
133  0.067234   10.838350  0.748744   0.541536  -0.246353   0.502107   0.421890    8.009587    6.028591
134  0.067732   10.994218  0.751949   0.596980  -0.199816   0.511953   0.429256    8.155492    6.137753
135  0.068230   11.150631  0.755085   0.652685  -0.153158   0.521949   0.436727    8.302526    6.247647
136  0.068728   11.307622  0.758155   0.708651  -0.106378   0.532095   0.444303    8.450699    6.358282
137  0.069226   11.465232  0.761161   0.764882  -0.059472   0.542395   0.451986    8.600019    6.469662
138  0.069724   11.623529  0.764108   0.821381  -0.012438   0.552850   0.459776    8.750497    6.581793
139  0.070222   11.782559  0.766996   0.878150   0.034726   0.563461   0.467675    8.902141    6.694679
140  0.070720   11.942385  0.769829   0.935191   0.082025   0.574230   0.475684    9.054959    6.808325
141  0.071218   12.103085  0.772609   0.992507   0.129459   0.585159   0.483803    9.208962    6.922734
142  0.071716   12.264732  0.775340   1.050101   0.177031   0.596251   0.492035    9.364159    7.037910
143  0.072214   12.427412  0.778023   1.107975   0.224744   0.607506   0.500379    9.520558    7.153854
144  0.072712   12.591210  0.780661   1.166131   0.272600   0.618927   0.508836    9.678169    7.270571
145  0.073210   12.756222  0.783257   1.224572   0.320602   0.630516   0.517409    9.837001    7.388061
146  0.073708   12.922530  0.785812   1.283301   0.368752   0.642274   0.526096    9.997063    7.506327
147  0.074206   13.090253  0.788329   1.342320   0.417051   0.654203   0.534900   10.158366    7.625370
148  0.074704   13.259510  0.790811   1.401632   0.465503   0.666306   0.543822   10.320917    7.745190
149  0.075202   13.430376  0.793258   1.461239   0.514109   0.678584   0.552861   10.484727    7.865789
150  0.075700   13.603011  0.795673   1.521143   0.562872   0.691040   0.562019   10.649805    7.987167
151  0.076198   13.777521  0.798058   1.581347   0.611793   0.703674   0.571297   10.816160    8.109323
152  0.076696   13.954050  0.800416   1.641854   0.660874   0.716490   0.580695   10.983802    8.232257
153  0.077194   14.132741  0.802747   1.702665   0.710118   0.729489   0.590214   11.152741    8.355967
154  0.077692   14.313738  0.805054   1.763785   0.759526   0.742673   0.599854   11.322985    8.480453
155  0.078190   14.497207  0.807338   1.825214   0.809100   0.756045   0.609617   11.494544    8.605710
156  0.078688   14.683303  0.809601   1.886955   0.858841   0.769606   0.619503   11.667428    8.731738
157  0.079186   14.872230  0.811845   1.949012   0.908752   0.783358   0.629511   11.841647    8.858532
158  0.079684   15.064162  0.814072   2.011386   0.958834   0.797304   0.639644   12.017210    8.986089
159  0.080182   15.259320  0.816283   2.074079   1.009088   0.811446   0.649900   12.194127    9.114402
160  0.080680   15.457902  0.818480   2.137095   1.059517   0.825785   0.660281   12.372407    9.243467
161  0.081178   15.660172  0.820664   2.200436   1.110120   0.840324   0.670786   12.552061    9.373276
162  0.081676   15.866372  0.822838   2.264103   1.160900   0.855066   0.681416   12.733098    9.503822
163  0.082174   16.076759  0.825002   2.328101   1.211859   0.870011   0.692171   12.915528    9.635098
164  0.082672   16.291654  0.827160   2.392430   1.262996   0.885163   0.703050   13.099360    9.767090
165  0.083170   16.511346  0.829311   2.457095   1.314313   0.900524   0.714054   13.284605    9.899791
166  0.083668   16.736215  0.831458   2.522096   1.365811   0.916096   0.725182   13.471272   10.033184
167  0.084166   16.966597  0.833604   2.587437   1.417491   0.931880   0.736433   13.659371   10.167258
168  0.084664   17.202920  0.835748   2.653119   1.469354   0.947881   0.747807   13.848913   10.301996
169  0.085162   17.445619  0.837894   2.719146   1.521400   0.964099   0.759303   14.039907   10.437380
170  0.085660   17.695183  0.840043   2.785520   1.573630   0.980537   0.770919   14.232364   10.573388
171  0.086158   17.952135  0.842198   2.852244   1.626044   0.997197   0.782656   14.426293   10.710000
172  0.086656   18.217075  0.844359   2.919319   1.678642   1.014082   0.794510   14.621704   10.847188
173  0.087154   18.490602  0.846530   2.986749   1.731424   1.031194   0.806480   14.818608   10.984926
174  0.087652   18.773452  0.848712   3.054535   1.784391   1.048535   0.818564   15.017015   11.123181
175  0.088150   19.066388  0.850908   3.122680   1.837542   1.066109   0.830759   15.216935   11.261918
176  0.088648   19.370269  0.853119   3.191188   1.890876   1.083916   0.843062   15.418378   11.401098
177  0.089146   19.686020  0.855349   3.260059   1.944393   1.101960   0.855470   15.621354   11.540678
178  0.089644   20.014724  0.857599   3.329297   1.998092   1.120243   0.867979   15.825875   11.680607
179  0.090142   20.357510  0.859873   3.398905   2.051972   1.138768   0.880585   16.031949   11.820835
180  0.090640   20.715704  0.862173   3.468884   2.106030   1.157537   0.893281   16.239588   11.961297
181  0.091138   21.090733  0.864502   3.539237   2.160266   1.176552   0.906063   16.448801   12.101929
182  0.091636   21.484225  0.866862   3.609966   2.214677   1.195816   0.918924   16.659600   12.242656
183  0.092134   21.897886  0.869257   3.681075   2.269260   1.215332   0.931856   16.871995   12.383399
184  0.092632   22.333718  0.871688   3.752566   2.324013   1.235102   0.944852   17.085996   12.524069
185  0.093130   22.793875  0.874160   3.824440   2.378932   1.255129   0.957901   17.301614   12.664568
186  0.093628   23.280788  0.876673   3.896701   2.434013   1.275415   0.970995   17.518859   12.804789
187  0.094126   23.796941  0.879231   3.969351   2.489253   1.295964   0.984123   17.737742   12.944627
188  0.094624   24.345165  0.881834   4.042393   2.544646   1.316776   0.997272   17.958274   13.083962
189  0.095122   24.928389  0.884483   4.115829   2.600187   1.337856   1.010433   18.180465   13.222677
190  0.095620   25.549664  0.887177   4.189661   2.655870   1.359206   1.023591   18.404326   13.360654
191  0.096118   26.212065  0.889915   4.263893   2.711688   1.380829   1.036738   18.629868   13.497780
192  0.096616   26.918452  0.892692   4.338526   2.767636   1.402727   1.049861   18.857102   13.633963
193  0.097114   27.671429  0.895503   4.413564   2.823705   1.424903   1.062954   19.086038   13.769132
194  0.097612   28.473115  0.898338   4.489008   2.879889   1.447359   1.076012   19.316687   13.903247
195  0.098110   29.324783  0.901186   4.564861   2.936181   1.470100   1.089034   19.549060   14.036316
196  0.098608   30.226762  0.904034   4.641126   2.992574   1.493127   1.102026   19.783169   14.168397
197  0.099106   31.178148  0.906865   4.717806   3.049062   1.516442   1.114997   20.019024   14.299609
198  0.099604   32.176941  0.909663   4.794902   3.105639   1.540050   1.127963   20.256635   14.430119
199  0.100102   33.219900  0.912411   4.872418   3.162301   1.563953   1.140947   20.496015   14.560146
200  0.100600   34.302711  0.915093   4.950355   3.219045   1.588154   1.153973   20.737175   14.689947
201  0.101098   35.420674  0.917695   5.028717   3.275869   1.612655   1.167067   20.980124   14.819784
202  0.101596   36.568623  0.920206   5.107507   3.332774   1.637460   1.180256   21.224875   14.949926
203  0.102094   37.741515  0.922618   5.186726   3.389759   1.662572   1.193567   21.471439   15.080620
204  0.102592   38.934539  0.924927   5.266377   3.446827   1.687992   1.207022   21.719827   15.212091
205  0.103090   40.143555  0.927130   5.346462   3.503982   1.713726   1.220641   21.970049   15.344522
206  0.103588   41.364917  0.929228   5.426986   3.561226   1.739774   1.234442   22.222119   15.478066
207  0.104086   42.595611  0.931224   5.507949   3.618564   1.766141   1.248437   22.476046   15.612844
208  0.104584   43.833202  0.933120   5.589354   3.676001   1.792830   1.262637   22.731842   15.748947
209  0.105082   45.075757  0.934922   5.671205   3.733541   1.819843   1.277051   22.989519   15.886442
210  0.105580   46.321944  0.936634   5.753504   3.791191   1.847184   1.291685   23.249088   16.025370
211  0.106078   47.570550  0.938261   5.836252   3.848956   1.874855   1.306543   23.510561   16.165767
212  0.106576   48.820916  0.939810   5.919454   3.906840   1.902861   1.321628   23.773949   16.307646
213  0.107074   50.072508  0.941283   6.003111   3.964848   1.931203   1.336944   24.039263   16.451017
214  0.107572   51.324966  0.942688   6.087227   4.022987   1.959885   1.352492   24.306516   16.595883
215  0.108070   52.578227  0.944027   6.171803   4.081261   1.988911   1.368272   24.575718   16.742238
216  0.108568   53.832105  0.945306   6.256843   4.139676   2.018283   1.384286   24.846883   16.890080
217  0.109066   55.086758  0.946529   6.342349   4.198235   2.048006   1.400534   25.120020   17.039396
218  0.109564   56.342103  0.947699   6.428323   4.256944   2.078081   1.417018   25.395143   17.190185
219  0.110062   57.598536  0.948820   6.514769   4.315807   2.108512   1.433736   25.672262   17.342426
220  0.110560   58.856051  0.949894   6.601689   4.374829   2.139303   1.450690   25.951390   17.496117
221  0.111058   60.114903  0.950926   6.689085   4.434014   2.170457   1.467879   26.232538   17.651246
222  0.111556   61.375365  0.951917   6.776961   4.493366   2.201977   1.485305   26.515719   17.807801
223  0.112054   62.637523  0.952870   6.865319   4.552890   2.233867   1.502968   26.800944   17.965778
224  0.112552   63.901656  0.953788   6.954161   4.612589   2.266129   1.520868   27.088226   18.125167
225  0.113050   65.168175  0.954672   7.043491   4.672467   2.298768   1.539005   27.377576   18.285956
226  0.113548   66.437100  0.955524   7.133310   4.732529   2.331787   1.557381   27.669006   18.448144
227  0.114046   67.708764  0.956347   7.223623   4.792777   2.365189   1.575995   27.962529   18.611722
228  0.114544   68.983415  0.957142   7.314431   4.853215   2.398978   1.594850   28.258157   18.776684
229  0.115042   70.261175  0.957910   7.405737   4.913847   2.433157   1.613945   28.555901   18.943028
230  0.115540   71.542339  0.958653   7.497544   4.974677   2.467730   1.633282   28.855774   19.110748
231  0.116038   72.827061  0.959372   7.589854   5.035707   2.502700   1.652861   29.157789   19.279842
232  0.116536   74.115614  0.960069   7.682671   5.096941   2.538071   1.672684   29.461957   19.450306
233  0.117034   75.408160  0.960744   7.775996   5.158382   2.573846   1.692751   29.768291   19.622139
234  0.117532   76.704945  0.961399   7.869834   5.220034   2.610030   1.713065   30.076804   19.795338
235  0.118030   78.005983  0.962034   7.964185   5.281898   2.646625   1.733626   30.387507   19.969906
236  0.118528   79.311637  0.962651   8.059054   5.343980   2.683635   1.754435   30.700413   20.145838
237  0.119026   80.621939  0.963251   8.154443   5.406281   2.721064   1.775494   31.015534   20.323138
238  0.119524   81.937258  0.963833   8.250355   5.468804   2.758916   1.796804   31.332884   20.501801
239  0.120022   83.257604  0.964400   8.346792   5.531552   2.797195   1.818367   31.652474   20.681832
240  0.120520   84.583174  0.964951   8.443758   5.594529   2.835903   1.840184   31.974317   20.863231
241  0.121018   85.913976  0.965488   8.541254   5.657737   2.875045   1.862257   32.298427   21.046004
242  0.121516   87.250378  0.966010   8.639285   5.721178   2.914626   1.884588   32.624814   21.230147
243  0.122014   88.592405  0.966519   8.737851   5.784856   2.954647   1.907178   32.953493   21.415665
244  0.122512   89.940121  0.967015   8.836958   5.848773   2.995114   1.930028   33.284476   21.602563
245  0.123010   91.293935  0.967499   8.936606   5.912932   3.036031   1.953141   33.617776   21.790837
246  0.123508   92.653666  0.967971   9.036800   5.977336   3.077400   1.976518   33.953405   21.980498
247  0.124006   94.019582  0.968431   9.137541   6.041987   3.119227   2.000162   34.291377   22.171545
248  0.124504   95.391859  0.968880   9.238833   6.106887   3.161514   2.024073   34.631704   22.363982
249  0.125002   96.770481  0.969319   9.340678   6.172040   3.204266   2.048255   34.974399   22.557815
250  0.125500   98.155619  0.969748   9.443080   6.237448   3.247488   2.072708   35.319476   22.753048
251  0.125998   99.547426  0.970166   9.546041   6.303113   3.291182   2.097435   35.666947   22.949684
252  0.126496  100.945948  0.970576   9.649564   6.369038   3.335353   2.122437   36.016825   23.147728
253  0.126994  102.351369  0.970976   9.753652   6.435225   3.380005   2.147717   36.369123   23.347184
254  0.127492  103.763653  0.971367   9.858307   6.501678   3.425142   2.173277   36.723855   23.548060
255  0.127990  105.183037  0.971749   9.963533   6.568397   3.470769   2.199119   37.081034   23.750358
256  0.128488  106.609535  0.972124  10.069333   6.635386   3.516889   2.225245   37.440673   23.954085
257  0.128986  108.043312  0.972490  10.175708   6.702647   3.563506   2.251657   37.802785   24.159245
258  0.129484  109.484411  0.972849  10.282663   6.770183   3.610625   2.278357   38.167384   24.365845
259  0.129982  110.933102  0.973200  10.390201   6.837995   3.658250   2.305347   38.534482   24.573886
260  0.130480  112.389275  0.973545  10.498323   6.906086   3.706385   2.332629   38.904093   24.783380
261  0.130978  113.852844  0.973882  10.607033   6.974459   3.755034   2.360207   39.276231   24.994334
262  0.131476  115.324252  0.974212  10.716334   7.043116   3.804202   2.388082   39.650910   25.206748
263  0.131974  116.803333  0.974536  10.826228   7.112059   3.853893   2.416256   40.028141   25.420633
264  0.132472  118.290551  0.974853  10.936720   7.181291   3.904111   2.444731   40.407940   25.635989
265  0.132970  119.785655  0.975164  11.047811   7.250813   3.954861   2.473510   40.790319   25.852828
266  0.133468  121.288851  0.975470  11.159504   7.320628   4.006147   2.502595   41.175293   26.071153
267  0.133966  122.799961  0.975769  11.271804   7.390739   4.057974   2.531989   41.562874   26.290976
268  0.134464  124.319325  0.976063  11.384711   7.461147   4.110345   2.561694   41.953077   26.512300
269  0.134962  125.847055  0.976351  11.498230   7.531855   4.163265   2.591712   42.345915   26.735130
270  0.135460  127.383241  0.976634  11.612364   7.602865   4.216740   2.622046   42.741402   26.959473
271  0.135958  128.927370  0.976912  11.727114   7.674180   4.270772   2.652699   43.139552   27.185345
272  0.136456  130.480649  0.977184  11.842486   7.745801   4.325368   2.683671   43.540379   27.412736
273  0.136954  132.042043  0.977452  11.958480   7.817730   4.380531   2.714968   43.943896   27.641669
274  0.137452  133.612399  0.977715  12.075101   7.889971   4.436266   2.746589   44.350118   27.872140
275  0.137950  135.191140  0.977973  12.192351   7.962525   4.492577   2.778539   44.759058   28.104166
276  0.138448  136.778683  0.978227  12.310234   8.035395   4.549470   2.810820   45.170731   28.337749
277  0.138946  138.375465  0.978477  12.428752   8.108582   4.606949   2.843434   45.585150   28.572890
278  0.139444  139.981104  0.978722  12.547908   8.182089   4.665018   2.876383   46.002329   28.809604
279  0.139942  141.595456  0.978963  12.667706   8.255918   4.723683   2.909672   46.422283   29.047902
280  0.140440  143.218942  0.979199  12.788148   8.330071   4.782948   2.943301   46.845026   29.287785
281  0.140938  144.851763  0.979432  12.909238   8.404550   4.842818   2.977274   47.270572   29.529260
282  0.141436  146.493796  0.979661  13.030979   8.479359   4.903297   3.011594   47.698935   29.772336
283  0.141934  148.144745  0.979886  13.153373   8.554498   4.964391   3.046263   48.130129   30.017027
284  0.142432  149.805333  0.980108  13.276424   8.629969   5.026104   3.081283   48.564170   30.263330
285  0.142930  151.475611  0.980326  13.400135   8.705776   5.088442   3.116657   49.001070   30.511254
286  0.143428  153.154728  0.980540  13.524508   8.781920   5.151408   3.152390   49.440845   30.760819
287  0.143926  154.843919  0.980751  13.649548   8.858404   5.215009   3.188481   49.883509   31.012017
288  0.144424  156.542213  0.980958  13.775256   8.935229   5.279249   3.224936   50.329077   31.264871
289  0.144922  158.250568  0.981163  13.901637   9.012398   5.344133   3.261756   50.777562   31.519375
290  0.145420  159.968275  0.981364  14.028693   9.089913   5.409666   3.298945   51.228980   31.775548
291  0.145918  161.696098  0.981561  14.156428   9.167775   5.475853   3.336505   51.683345   32.033389
292  0.146416  163.433760  0.981756  14.284844   9.245988   5.542699   3.374438   52.140671   32.292911
293  0.146914  165.181449  0.981948  14.413944   9.324554   5.610209   3.412748   52.600974   32.554119
294  0.147412  166.938572  0.982137  14.543733   9.403473   5.678389   3.451439   53.064268   32.817031
295  0.147910  168.706162  0.982323  14.674212   9.482750   5.747244   3.490512   53.530568   33.081642
296  0.148408  170.483803  0.982506  14.805386   9.562385   5.816778   3.529971   53.999889   33.347967
297  0.148906  172.271570  0.982687  14.937256   9.642381   5.886997   3.569818   54.472245   33.616013
298  0.149404  174.069493  0.982865  15.069828   9.722740   5.957906   3.610056   54.947651   33.885790
299  0.149902  175.877775  0.983040  15.203103   9.803464   6.029511   3.650689   55.426122   34.157303
300  0.150400  177.696350  0.983212  15.337084   9.884556   6.101817   3.691719   55.907674   34.430563
301  0.150898  179.525289  0.983382  15.471776   9.966017   6.174828   3.733150   56.392320   34.705578
302  0.151396  181.364824  0.983550  15.607181  10.047850   6.248551   3.774984   56.880077   34.982355
303  0.151894  183.214567  0.983715  15.743302  10.130056   6.322991   3.817225   57.370959   35.260907
304  0.152392  185.075355  0.983878  15.880143  10.212639   6.398154   3.859875   57.864982   35.541233
305  0.152890  186.946574  0.984038  16.017707  10.295599   6.474043   3.902938   58.362159   35.823350
306  0.153388  188.828297  0.984197  16.155996  10.378940   6.550666   3.946417   58.862508   36.107267
307  0.153886  190.721118  0.984353  16.295015  10.462662   6.628028   3.990314   59.366042   36.392986
308  0.154384  192.624650  0.984507  16.434767  10.546770   6.706134   4.034633   59.872778   36.680520
309  0.154882  194.538710  0.984658  16.575254  10.631264   6.784989   4.079378   60.382729   36.969881
310  0.155380  196.463971  0.984808  16.716481  10.716146   6.864600   4.124550   60.895913   37.261071
311  0.155878  198.400196  0.984955  16.858450  10.801420   6.944972   4.170155   61.412344   37.554102
312  0.156376  200.347478  0.985101  17.001164  10.887086   7.026110   4.216194   61.932037   37.848983
313  0.156874  202.305718  0.985244  17.144627  10.973148   7.108021   4.262671   62.455008   38.145723
314  0.157372  204.275529  0.985386  17.288843  11.059607   7.190709   4.309588   62.981273   38.444325
315  0.157870  206.256118  0.985525  17.433814  11.146465   7.274181   4.356951   63.510847   38.744809
316  0.158368  208.248209  0.985663  17.579543  11.233725   7.358443   4.404760   64.043746   39.047175
317  0.158866  210.251488  0.985799  17.726035  11.321389   7.443500   4.453021   64.579984   39.351436
318  0.159364  212.266310  0.985933  17.873292  11.409458   7.529357   4.501737   65.119579   39.657598
319  0.159862  214.292616  0.986066  18.021318  11.497936   7.616022   4.550909   65.662546   39.965671
320  0.160360  216.330013  0.986196  18.170116  11.586824   7.703499   4.600543   66.208899   40.275670
321  0.160858  218.379531  0.986325  18.319689  11.676124   7.791795   4.650641   66.758656   40.587593
322  0.161356  220.440353  0.986453  18.470041  11.765838   7.880916   4.701207   67.311832   40.901457
323  0.161854  222.513177  0.986578  18.621176  11.855970   7.970867   4.752243   67.868442   41.217266
324  0.162352  224.597554  0.986702  18.773095  11.946520   8.061655   4.803755   68.428504   41.535034
325  0.162850  226.693416  0.986825  18.925804  12.037490   8.153285   4.855744   68.992031   41.854772
326  0.163348  228.801275  0.986945  19.079304  12.128884   8.245764   4.908215   69.559042   42.176484
327  0.163846  230.921459  0.987065  19.233600  12.220704   8.339098   4.961170   70.129551   42.500175
328  0.164344  233.053006  0.987183  19.388696  12.312950   8.433293   5.014615   70.703575   42.825867
329  0.164842  235.196994  0.987299  19.544593  12.405627   8.528354   5.068550   71.281130   43.153558
330  0.165340  237.353060  0.987414  19.701297  12.498735   8.624289   5.122982   71.862231   43.483261
331  0.165838  239.520688  0.987527  19.858809  12.592277   8.721103   5.177913   72.446896   43.814991
332  0.166336  241.701193  0.987639  20.017135  12.686255   8.818803   5.233345   73.035140   44.148746
333  0.166834  243.893689  0.987750  20.176276  12.780671   8.917395   5.289284   73.626979   44.484544
334  0.167332  246.098412  0.987859  20.336237  12.875528   9.016885   5.345733   74.222431   44.822392
335  0.167830  248.315647  0.987967  20.497021  12.970827   9.117279   5.402695   74.821510   45.162299
336  0.168328  250.545232  0.988074  20.658631  13.066571   9.218585   5.460174   75.424235   45.504274
337  0.168826  252.787292  0.988179  20.821071  13.162762   9.320807   5.518173   76.030620   45.848328
338  0.169324  255.041937  0.988283  20.984344  13.259403   9.423954   5.576697   76.640682   46.194469
339  0.169822  257.308877  0.988386  21.148454  13.356494   9.528030   5.635750   77.254439   46.542710
340  0.170320  259.588823  0.988488  21.313405  13.454039   9.633044   5.695333   77.871906   46.893055
341  0.170818  261.881096  0.988588  21.479199  13.552040   9.739000   5.755453   78.493100   47.245520
342  0.171316  264.186509  0.988687  21.645841  13.650499   9.845907   5.816111   79.118038   47.600107
343  0.171814  266.504527  0.988785  21.813333  13.749418   9.953770   5.877313   79.746736   47.956831
344  0.172312  268.835664  0.988882  21.981680  13.848799  10.062595   5.939060   80.379211   48.315699
345  0.172810  271.179502  0.988978  22.150885  13.948645  10.172391   6.001359   81.015480   48.676724
346  0.173308  273.536116  0.989073  22.320951  14.048957  10.283162   6.064213   81.655559   49.039915
347  0.173806  275.906211  0.989166  22.491882  14.149738  10.394917   6.127624   82.299466   49.405277
348  0.174304  278.289283  0.989259  22.663681  14.250990  10.507661   6.191598   82.947217   49.772824
349  0.174802  280.685060  0.989350  22.836352  14.352716  10.621402   6.256138   83.598829   50.142569
350  0.175300  283.095133  0.989440  23.009899  14.454917  10.736147   6.321246   84.254319   50.514509
351  0.175798  285.517695  0.989530  23.184325  14.557596  10.851901   6.386930   84.913704   50.888669
352  0.176296  287.953260  0.989618  23.359634  14.660755  10.968673   6.453192   85.577001   51.265055
353  0.176794  290.402689  0.989705  23.535829  14.764396  11.086469   6.520034   86.244227   51.643670
354  0.177292  292.865870  0.989791  23.712914  14.868522  11.205295   6.587462   86.915400   52.024526
355  0.177790  295.342056  0.989877  23.890892  14.973134  11.325160   6.655481   87.590535   52.407640
356  0.178288  297.831816  0.989961  24.069768  15.078235  11.446069   6.724093   88.269652   52.793016
357  0.178786  300.335331  0.990044  24.249544  15.183827  11.568030   6.793303   88.952765   53.180665
358  0.179284  302.852280  0.990127  24.430224  15.289912  11.691050   6.863115   89.639894   53.570598
359  0.179782  305.383449  0.990208  24.611813  15.396493  11.815137   6.933532   90.331055   53.962821
360  0.180280  307.927976  0.990289  24.794313  15.503572  11.940296   7.004559   91.026266   54.357351
361  0.180778  310.486138  0.990369  24.977728  15.611151  12.066536   7.076201   91.725543   54.754195
362  0.181276  313.058873  0.990448  25.162063  15.719232  12.193864   7.148460   92.428905   55.153357
363  0.181774  315.645280  0.990526  25.347320  15.827818  12.322287   7.221343   93.136369   55.554856
364  0.182272  318.245647  0.990603  25.533503  15.936911  12.451811   7.294851   93.847952   55.958698
365  0.182770  320.860181  0.990679  25.720616  16.046512  12.582445   7.368991   94.563672   56.364894
366  0.183268  323.488961  0.990755  25.908662  16.156625  12.714196   7.443765   95.283546   56.773452
367  0.183766  326.131290  0.990829  26.097646  16.267252  12.847071   7.519179   96.007592   57.184390
368  0.184264  328.788351  0.990903  26.287571  16.378394  12.981078   7.595236   96.735828   57.597709
369  0.184762  331.459936  0.990976  26.478440  16.490055  13.116223   7.671940   97.468271   58.013421
370  0.185260  334.145491  0.991049  26.670258  16.602236  13.252515   7.749297   98.204940   58.431541
371  0.185758  336.845403  0.991120  26.863028  16.714940  13.389961   7.827310   98.945851   58.852076
372  0.186256  339.560587  0.991191  27.056754  16.828168  13.528568   7.905983   99.691023   59.275032
373  0.186754  342.289612  0.991261  27.251440  16.941924  13.668345   7.985322  100.440474   59.700429
374  0.187252  345.033063  0.991330  27.447089  17.056209  13.809298   8.065330  101.194221   60.128273
375  0.187750  347.791382  0.991399  27.643705  17.171027  13.951436   8.146012  101.952283   60.558573
376  0.188248  350.564789  0.991467  27.841292  17.286378  14.094765   8.227371  102.714677   60.991338
377  0.188746  353.352258  0.991534  28.039853  17.402266  14.239294   8.309414  103.481421   61.426585
378  0.189244  356.155290  0.991600  28.239393  17.518692  14.385031   8.392143  104.252534   61.864315
379  0.189742  358.972496  0.991666  28.439915  17.635660  14.531983   8.475565  105.028033   62.304550
380  0.190240  361.805422  0.991731  28.641423  17.753170  14.680158   8.559681  105.807937   62.747288
381  0.190738  364.652436  0.991796  28.843921  17.871227  14.829563   8.644499  106.592264   63.192552
382  0.191236  367.515157  0.991859  29.047412  17.989831  14.980208   8.730021  107.381032   63.640342
383  0.191734  370.393493  0.991922  29.251901  18.108986  15.132099   8.816252  108.174259   64.090670
384  0.192232  373.285449  0.991985  29.457391  18.228693  15.285245   8.903200  108.971964   64.543560
385  0.192730  376.194032  0.992047  29.663887  18.348955  15.439654   8.990864  109.774164   64.999003
386  0.193228  379.117549  0.992108  29.871391  18.469774  15.595333   9.079252  110.580879   65.457021
387  0.193726  382.056684  0.992168  30.079908  18.591153  15.752291   9.168367  111.392127   65.917622
388  0.194224  385.010348  0.992228  30.289441  18.713094  15.910536   9.258217  112.207926   66.380822
389  0.194722  387.980155  0.992288  30.499995  18.835598  16.070076   9.348803  113.028295   66.846623
390  0.195220  390.965796  0.992346  30.711573  18.958670  16.230918   9.440130  113.853252   67.315038
391  0.195718  393.966778  0.992404  30.924180  19.082310  16.393073   9.532205  114.682816   67.786082
392  0.196216  396.982947  0.992462  31.137818  19.206522  16.556546   9.625031  115.517005   68.259766
393  0.196714  400.015145  0.992519  31.352493  19.331307  16.721348   9.718614  116.355838   68.736096
394  0.197212  403.063103  0.992575  31.568208  19.456669  16.887486   9.812957  117.199334   69.215085
395  0.197710  406.127009  0.992631  31.784966  19.582608  17.054968   9.908066  118.047512   69.696743
396  0.198208  409.206589  0.992687  32.002772  19.709128  17.223803  10.003945  118.900389   70.181084
397  0.198706  412.301425  0.992741  32.221630  19.836232  17.393999  10.100601  119.757986   70.668121
398  0.199204  415.413859  0.992796  32.441543  19.963920  17.565565  10.198036  120.620321   71.157851
399  0.199702  418.541703  0.992849  32.662516  20.092197  17.738510  10.296256  121.487413   71.650298
400  0.200200  421.685844  0.992903  32.884553  20.221064  17.912841  10.395266  122.359281   72.145470
401  0.200698  424.845956  0.992955  33.107657  20.350523  18.088567  10.495071  123.235943   72.643378
402  0.201196  428.022065  0.993007  33.331832  20.480577  18.265697  10.595677  124.117419   73.144035
403  0.201694  431.215331  0.993059  33.557083  20.611229  18.444240  10.697086  125.003728   73.647444
404  0.202192  434.423527  0.993110  33.783413  20.742480  18.624204  10.799307  125.894889   74.153631
405  0.202690  437.649347  0.993161  34.010826  20.874334  18.805597  10.902342  126.790921   74.662591
406  0.203188  440.891711  0.993211  34.239327  21.006791  18.988430  11.006196  127.691843   75.174342
407  0.203686  444.149809  0.993261  34.468919  21.139856  19.172710  11.110876  128.597675   75.688900
408  0.204184  447.424698  0.993310  34.699607  21.273531  19.358446  11.216386  129.508436   76.206270
409  0.204682  450.716041  0.993359  34.931393  21.407816  19.545647  11.322732  130.424144   76.726466
410  0.205180  454.024929  0.993407  35.164284  21.542717  19.734323  11.429916  131.344820   77.249493
411  0.205678  457.351078  0.993455  35.398281  21.678233  19.924481  11.537946  132.270483   77.775365
412  0.206176  460.693118  0.993502  35.633391  21.814369  20.116131  11.646827  133.201152   78.304101
413  0.206674  464.052729  0.993549  35.869616  21.951126  20.309282  11.756563  134.136847   78.835702
414  0.207172  467.428896  0.993596  36.106960  22.088507  20.503943  11.867160  135.077587   79.370187
415  0.207670  470.821319  0.993642  36.345428  22.226514  20.700123  11.978625  136.023391   79.907569
416  0.208168  474.232554  0.993687  36.585024  22.365150  20.897831  12.090958  136.974280   80.447845
417  0.208666  477.659648  0.993733  36.825751  22.504417  21.097076  12.204170  137.930272   80.991043
418  0.209164  481.104565  0.993777  37.067615  22.644318  21.297868  12.318263  138.891388   81.537165
419  0.209662  484.567459  0.993822  37.310619  22.784855  21.500215  12.433243  139.857648   82.086220
420  0.210160  488.046097  0.993866  37.554766  22.926030  21.704128  12.549117  140.829070   82.638234
421  0.210658  491.543160  0.993909  37.800062  23.067846  21.909614  12.665887  141.805675   83.193203
422  0.211156  495.057460  0.993952  38.046511  23.210306  22.116685  12.783561  142.787483   83.751145
423  0.211654  498.589340  0.993995  38.294116  23.353412  22.325348  12.902144  143.774513   84.312071
424  0.212152  502.138936  0.994037  38.542881  23.497166  22.535614  13.021641  144.766785   84.875992
425  0.212650  505.706194  0.994079  38.792811  23.641571  22.747491  13.142057  145.764320   85.442919
426  0.213148  509.291535  0.994121  39.043911  23.786629  22.960990  13.263397  146.767137   86.012863
427  0.213646  512.893724  0.994162  39.296183  23.932343  23.176120  13.385670  147.775257   86.585842
428  0.214144  516.514400  0.994203  39.549632  24.078715  23.392890  13.508877  148.788698   87.161860
429  0.214642  520.152831  0.994244  39.804263  24.225748  23.611311  13.633026  149.807482   87.740932
430  0.215140  523.809093  0.994284  40.060080  24.373445  23.831391  13.758122  150.831629   88.323069
431  0.215638  527.483231  0.994323  40.317087  24.521807  24.053141  13.884171  151.861159   88.908284
432  0.216136  531.176654  0.994363  40.575287  24.670837  24.276569  14.011177  152.896091   89.496581
433  0.216634  534.887299  0.994402  40.834686  24.820538  24.501687  14.139148  153.936447   90.087984
434  0.217132  538.617338  0.994441  41.095287  24.970913  24.728503  14.268087  154.982246   90.682492
435  0.217630  542.363847  0.994479  41.357095  25.121963  24.957028  14.398003  156.033510   91.280133
436  0.218128  546.129224  0.994517  41.620114  25.273691  25.187271  14.528899  157.090257   91.880908
437  0.218626  549.913709  0.994555  41.884348  25.426101  25.419243  14.660781  158.152510   92.484826
438  0.219124  553.715414  0.994592  42.149801  25.579193  25.652953  14.793656  159.220287   93.091910
439  0.219622  557.537658  0.994629  42.416478  25.732972  25.888412  14.927528  160.293610   93.702155
440  0.220120  561.377713  0.994666  42.684383  25.887439  26.125628  15.062404  161.372500   94.315586
441  0.220618  565.236023  0.994702  42.953520  26.042597  26.364614  15.198290  162.456976   94.932215
442  0.221116  569.113085  0.994738  43.223893  26.198448  26.605377  15.335191  163.547060   95.552051
443  0.221614  573.009014  0.994774  43.495508  26.354995  26.847930  15.473114  164.642771   96.175105
444  0.222112  576.924057  0.994809  43.768367  26.512241  27.092281  15.612063  165.744132   96.801389
445  0.222610  580.858660  0.994844  44.042476  26.670189  27.338442  15.752045  166.851162   97.430913
446  0.223108  584.811239  0.994879  44.317838  26.828839  27.586422  15.893066  167.963883   98.063696
447  0.223606  588.783171  0.994913  44.594459  26.988196  27.836232  16.035133  169.082315   98.699745
448  0.224104  592.774325  0.994948  44.872341  27.148262  28.087881  16.178249  170.206478   99.339072
449  0.224602  596.784992  0.994981  45.151491  27.309040  28.341382  16.322422  171.336395   99.981689
450  0.225100  600.814781  0.995015  45.431911  27.470531  28.596743  16.467659  172.472086  100.627610
451  0.225598  604.863820  0.995048  45.713607  27.632739  28.853976  16.613964  173.613571  101.276847
452  0.226096  608.931705  0.995081  45.996582  27.795666  29.113091  16.761344  174.760872  101.929414
453  0.226594  613.019464  0.995114  46.280842  27.959314  29.374098  16.909805  175.914011  102.585318
454  0.227092  617.125882  0.995147  46.566390  28.123687  29.637009  17.059354  177.073007  103.244579
455  0.227590  621.254408  0.995179  46.853231  28.288787  29.901833  17.209993  178.237883  103.907192
456  0.228088  625.400433  0.995211  47.141369  28.454616  30.168582  17.361734  179.408659  104.573191
457  0.228586  629.566716  0.995242  47.430808  28.621177  30.437266  17.514579  180.585356  105.242576
458  0.229084  633.752909  0.995274  47.721554  28.788473  30.707895  17.668536  181.767997  105.915363
459  0.229582  637.959644  0.995305  48.013610  28.956507  30.980482  17.823611  182.956602  106.591559
460  0.230080  642.184882  0.995336  48.306981  29.125280  31.255036  17.979810  184.151192  107.271187
461  0.230578  646.430189  0.995366  48.601672  29.294796  31.531569  18.137140  185.351790  107.954253
462  0.231076  650.696994  0.995397  48.897686  29.465056  31.810091  18.295606  186.558415  108.640763
463  0.231574  654.982159  0.995427  49.195028  29.636065  32.090613  18.455215  187.771091  109.330744
464  0.232072  659.288484  0.995457  49.493703  29.807824  32.373147  18.615974  188.989838  110.024195
465  0.232570  663.615193  0.995486  49.793715  29.980336  32.657703  18.777887  190.214678  110.721134
466  0.233068  667.962414  0.995515  50.095069  30.153604  32.944293  18.940963  191.445632  111.421573
467  0.233566  672.329620  0.995545  50.397769  30.327630  33.232928  19.105207  192.682723  112.125526
468  0.234064  676.717295  0.995573  50.701819  30.502417  33.523618  19.270626  193.925971  112.833004
469  0.234562  681.125534  0.995602  51.007224  30.677968  33.816375  19.437227  195.175399  113.544019
470  0.235060  685.555002  0.995630  51.313989  30.854285  34.111211  19.605014  196.431028  114.258583
471  0.235558  690.002894  0.995658  51.622118  31.031371  34.408137  19.773998  197.692880  114.976719
472  0.236056  694.473543  0.995686  51.931615  31.209229  34.707163  19.944181  198.960977  115.698422
473  0.236554  698.965217  0.995714  52.242486  31.387860  35.008302  20.115571  200.235341  116.423712
474  0.237052  703.477553  0.995742  52.554734  31.567269  35.311565  20.288175  201.515994  117.152604
475  0.237550  708.009001  0.995769  52.868365  31.747458  35.616962  20.462001  202.802957  117.885118
476  0.238048  712.562719  0.995796  53.183382  31.928428  35.924507  20.637053  204.096253  118.621252
477  0.238546  717.138520  0.995823  53.499790  32.110184  36.234210  20.813338  205.395903  119.361021
478  0.239044  721.733597  0.995849  53.817594  32.292727  36.546083  20.990865  206.701930  120.104450
479  0.239542  726.350624  0.995875  54.136799  32.476061  36.860138  21.169639  208.014356  120.851540
480  0.240040  730.989041  0.995902  54.457409  32.660187  37.176386  21.349666  209.333203  121.602307
481  0.240538  735.648815  0.995928  54.779428  32.845110  37.494839  21.530954  210.658493  122.356765
482  0.241036  740.329818  0.995953  55.102861  33.030831  37.815508  21.713510  211.990249  123.114926
483  0.241534  745.032470  0.995979  55.427714  33.217353  38.138407  21.897339  213.328492  123.876802
484  0.242032  749.756141  0.996004  55.753989  33.404679  38.463545  22.082450  214.673246  124.642410
485  0.242530  754.503297  0.996029  56.081693  33.592812  38.790937  22.268848  216.024531  125.411752
486  0.243028  759.269686  0.996054  56.410830  33.781754  39.120592  22.456542  217.382372  126.184857
487  0.243526  764.058924  0.996079  56.741403  33.971508  39.452524  22.645536  218.746789  126.961727
488  0.244024  768.869945  0.996103  57.073419  34.162076  39.786744  22.835839  220.117807  127.742377
489  0.244522  773.702912  0.996128  57.406881  34.353463  40.123264  23.027458  221.495446  128.526821
490  0.245020  778.558476  0.996152  57.741795  34.545669  40.462097  23.220398  222.879730  129.315069
491  0.245518  783.435528  0.996176  58.078164  34.738699  40.803255  23.414669  224.270682  130.107138
492  0.246016  788.334382  0.996199  58.415994  34.932554  41.146749  23.610276  225.668323  130.903042
493  0.246514  793.254404  0.996223  58.755290  35.127238  41.492593  23.807227  227.072678  131.702795
494  0.247012  798.199064  0.996246  59.096055  35.322753  41.840798  24.005527  228.483767  132.506398
495  0.247510  803.163332  0.996269  59.438295  35.519102  42.191376  24.205186  229.901615  133.313883
496  0.248008  808.152428  0.996292  59.782015  35.716288  42.544341  24.406209  231.326243  134.125245
497  0.248506  813.161072  0.996315  60.127218  35.914313  42.899704  24.608605  232.757676  134.940516
498  0.249004  818.194596  0.996338  60.473911  36.113181  43.257479  24.812379  234.195935  135.759689
499  0.249502  823.250590  0.996360  60.822097  36.312894  43.617677  25.017539  235.641044  136.582789
500  0.250000  828.328574  0.996383  61.171781  36.513454  43.980311  25.224093  237.093025  137.409828
501  0.250498  833.429952  0.996405  61.522969  36.714866  44.345394  25.432048  238.551901  138.240817