      density       alpha     S_nem     F(iso)     F(nem)     P(iso)     P(nem)     mu(iso)     mu(nem)
0    0.001000    0.086881  0.000503  -7.869999  -7.870000   0.001038   0.001038   -6.831947   -6.831949
1    0.001498    0.106034  0.000749  -7.446845  -7.446846   0.001584   0.001584   -6.389399   -6.389403
2    0.001996    0.122056  0.000992  -7.140659  -7.140661   0.002150   0.002150   -6.063521   -6.063528
3    0.002494    0.136061  0.001232  -6.898596  -6.898600   0.002736   0.002736   -5.801465   -5.801477
4    0.002992    0.148626  0.001470  -6.697072  -6.697078   0.003343   0.003343   -5.579646   -5.579663
5    0.003490    0.160095  0.001705  -6.523492  -6.523500   0.003972   0.003972   -5.385467   -5.385490
6    0.003988    0.170692  0.001937  -6.370333  -6.370343   0.004622   0.004622   -5.211401   -5.211431
7    0.004486    0.180573  0.002167  -6.232739  -6.232752   0.005294   0.005294   -5.052591   -5.052629
8    0.004984    0.189853  0.002395  -6.107393  -6.107409   0.005989   0.005989   -4.905717   -4.905764
9    0.005482    0.198619  0.002620  -5.991927  -5.991946   0.006707   0.006707   -4.768410   -4.768467
10   0.005980    0.206938  0.002843  -5.884595  -5.884617   0.007449   0.007449   -4.638919   -4.638987
11   0.006478    0.214865  0.003064  -5.784067  -5.784093   0.008215   0.008215   -4.515914   -4.515993
12   0.006976    0.222443  0.003283  -5.689311  -5.689341   0.009006   0.009005   -4.398359   -4.398451
13   0.007474    0.229708  0.003500  -5.599507  -5.599543   0.009821   0.009821   -4.285434   -4.285540
14   0.007972    0.236692  0.003715  -5.513997  -5.514037   0.010663   0.010662   -4.176475   -4.176595
15   0.008470    0.243420  0.003928  -5.432238  -5.432283   0.011530   0.011529   -4.070939   -4.071074
16   0.008968    0.249913  0.004139  -5.353783  -5.353834   0.012424   0.012423   -3.968376   -3.968527
17   0.009466    0.256190  0.004348  -5.278258  -5.278314   0.013346   0.013345   -3.868408   -3.868576
18   0.009964    0.262271  0.004556  -5.205343  -5.205406   0.014295   0.014293   -3.770714   -3.770900
19   0.010462    0.268165  0.004762  -5.134769  -5.134838   0.015272   0.015270   -3.675021   -3.675226
20   0.010960    0.273888  0.004966  -5.066300  -5.066376   0.016278   0.016276   -3.581091   -3.581316
21   0.011458    0.279452  0.005168  -4.999736  -4.999819   0.017313   0.017311   -3.488721   -3.488967
22   0.011956    0.284866  0.005368  -4.934899  -4.934988   0.018378   0.018376   -3.397730   -3.397997
23   0.012454    0.290144  0.005568  -4.871633  -4.871730   0.019474   0.019472   -3.307961   -3.308250
24   0.012952    0.295284  0.005765  -4.809802  -4.809907   0.020601   0.020598   -3.219273   -3.219585
25   0.013450    0.300305  0.005961  -4.749284  -4.749397   0.021759   0.021756   -3.131541   -3.131878
26   0.013948    0.305207  0.006156  -4.689971  -4.690092   0.022949   0.022946   -3.044655   -3.045017
27   0.014446    0.309996  0.006348  -4.631765  -4.631895   0.024172   0.024168   -2.958515   -2.958903
28   0.014944    0.314681  0.006540  -4.574579  -4.574718   0.025428   0.025424   -2.873029   -2.873444
29   0.015442    0.319265  0.006730  -4.518333  -4.518482   0.026718   0.026713   -2.788116   -2.788559
30   0.015940    0.323754  0.006919  -4.462958  -4.463116   0.028043   0.028038   -2.703702   -2.704173
31   0.016438    0.328152  0.007106  -4.408387  -4.408555   0.029402   0.029397   -2.619718   -2.620219
32   0.016936    0.332463  0.007292  -4.354561  -4.354740   0.030797   0.030791   -2.536102   -2.536633
33   0.017434    0.336693  0.007477  -4.301427  -4.301616   0.032229   0.032222   -2.452797   -2.453359
34   0.017932    0.340841  0.007660  -4.248934  -4.249133   0.033698   0.033690   -2.369750   -2.370344
35   0.018430    0.344914  0.007842  -4.197036  -4.197247   0.035204   0.035196   -2.286912   -2.287539
36   0.018928    0.348914  0.008023  -4.145693  -4.145915   0.036748   0.036740   -2.204237   -2.204899
37   0.019426    0.352843  0.008203  -4.094863  -4.095098   0.038331   0.038322   -2.121684   -2.122380
38   0.019924    0.356703  0.008381  -4.044513  -4.044759   0.039954   0.039944   -2.039213   -2.039945
39   0.020422    0.360502  0.008558  -3.994608  -3.994866   0.041616   0.041606   -1.956788   -1.957555
40   0.020920    0.364236  0.008734  -3.945117  -3.945388   0.043320   0.043309   -1.874373   -1.875178
41   0.021418    0.367910  0.008909  -3.896011  -3.896294   0.045065   0.045053   -1.791936   -1.792779
42   0.021916    0.371527  0.009083  -3.847262  -3.847559   0.046852   0.046840   -1.709447   -1.710329
43   0.022414    0.375087  0.009255  -3.798847  -3.799157   0.048683   0.048669   -1.626878   -1.627800
44   0.022912    0.378593  0.009427  -3.750740  -3.751064   0.050556   0.050542   -1.544200   -1.545162
45   0.023410    0.382047  0.009597  -3.702920  -3.703258   0.052474   0.052459   -1.461388   -1.462392
46   0.023908    0.385450  0.009767  -3.655365  -3.655717   0.054437   0.054421   -1.378418   -1.379464
47   0.024406    0.388805  0.009935  -3.608056  -3.608423   0.056446   0.056428   -1.295266   -1.296355
48   0.024904    0.392111  0.010102  -3.560975  -3.561357   0.058501   0.058482   -1.211910   -1.213043
49   0.025402    0.395371  0.010268  -3.514103  -3.514500   0.060603   0.060584   -1.128328   -1.129506
50   0.025900    0.398587  0.010434  -3.467425  -3.467837   0.062754   0.062733   -1.044501   -1.045725
51   0.026398    0.401763  0.010598  -3.420923  -3.421351   0.064953   0.064930   -0.960409   -0.961679
52   0.026896    0.404894  0.010761  -3.374584  -3.375028   0.067201   0.067178   -0.876033   -0.877350
53   0.027394    0.407984  0.010924  -3.328393  -3.328854   0.069500   0.069475   -0.791356   -0.792721
54   0.027892    0.411034  0.011085  -3.282337  -3.282814   0.071849   0.071823   -0.706359   -0.707773
55   0.028390    0.414047  0.011246  -3.236403  -3.236897   0.074251   0.074223   -0.621027   -0.622490
56   0.028888    0.417021  0.011405  -3.190579  -3.191090   0.076704   0.076675   -0.535343   -0.536857
57   0.029386    0.419960  0.011564  -3.144852  -3.145381   0.079212   0.079181   -0.449292   -0.450857
58   0.029884    0.422863  0.011721  -3.099213  -3.099759   0.081773   0.081741   -0.362858   -0.364475
59   0.030382    0.425733  0.011878  -3.053649  -3.054213   0.084390   0.084356   -0.276027   -0.277696
60   0.030880    0.428568  0.012034  -3.008152  -3.008734   0.087062   0.087027   -0.188785   -0.190508
61   0.031378    0.431371  0.012190  -2.962710  -2.963311   0.089791   0.089754   -0.101118   -0.102895
62   0.031876    0.434143  0.012344  -2.917316  -2.917936   0.092578   0.092539   -0.013012   -0.014844
63   0.032374    0.436883  0.012498  -2.871959  -2.872598   0.095423   0.095382    0.075546    0.073658
64   0.032872    0.439594  0.012650  -2.826632  -2.827290   0.098327   0.098284    0.164568    0.162624
65   0.033370    0.442275  0.012802  -2.781325  -2.782003   0.101291   0.101247    0.254067    0.252066
66   0.033868    0.444928  0.012953  -2.736031  -2.736729   0.104316   0.104270    0.344056    0.341996
67   0.034366    0.447553  0.013104  -2.690743  -2.691460   0.107404   0.107356    0.434545    0.432427
68   0.034864    0.450150  0.013253  -2.645451  -2.646190   0.110554   0.110504    0.525548    0.523370
69   0.035362    0.452725  0.013403  -2.600151  -2.600910   0.113768   0.113715    0.617075    0.614837
70   0.035860    0.455271  0.013551  -2.554833  -2.555613   0.117046   0.116992    0.709137    0.706839
71   0.036358    0.457792  0.013698  -2.509493  -2.510294   0.120390   0.120333    0.801747    0.799387
72   0.036856    0.460288  0.013845  -2.464122  -2.464945   0.123801   0.123742    0.894914    0.892492
73   0.037354    0.462761  0.013991  -2.418716  -2.419560   0.127279   0.127217    0.988650    0.986164
74   0.037852    0.465211  0.014137  -2.373267  -2.374133   0.130825   0.130762    1.082964    1.080415
75   0.038350    0.467638  0.014282  -2.327770  -2.328659   0.134441   0.134375    1.177868    1.175255
76   0.038848    0.470043  0.014426  -2.282219  -2.283130   0.138128   0.138059    1.273373    1.270694
77   0.039346    0.472427  0.014570  -2.236609  -2.237542   0.141885   0.141814    1.369486    1.366743
78   0.039844    0.474789  0.014713  -2.190933  -2.191890   0.145716   0.145642    1.466220    1.463410
79   0.040342    0.477132  0.014855  -2.145187  -2.146167   0.149619   0.149543    1.563584    1.560707
80   0.040840    0.479455  0.014997  -2.099366  -2.100370   0.153597   0.153518    1.661588    1.658643
81   0.041338    0.481758  0.015138  -2.053464  -2.054491   0.157651   0.157569    1.760241    1.757228
82   0.041836    0.484043  0.015279  -2.007477  -2.008528   0.161781   0.161696    1.859553    1.856471
83   0.042334    0.486309  0.015420  -1.961399  -1.962475   0.165989   0.165901    1.959534    1.956382
84   0.042832    0.488557  0.015559  -1.915226  -1.916327   0.170275   0.170184    2.060193    2.056971
85   0.043330    0.490788  0.015698  -1.868954  -1.870080   0.174641   0.174547    2.161540    2.158246
86   0.043828    0.493001  0.015837  -1.822578  -1.823729   0.179088   0.178991    2.263583    2.260218
87   0.044326    0.495202  0.015976  -1.776094  -1.777270   0.183617   0.183517    2.366333    2.362895
88   0.044824    0.497384  0.016114  -1.729497  -1.730698   0.188229   0.188126    2.469798    2.466287
89   0.045322    0.499551  0.016251  -1.682783  -1.684010   0.192925   0.192819    2.573987    2.570403
90   0.045820    0.501702  0.016388  -1.635949  -1.637202   0.197707   0.197597    2.678910    2.675252
91   0.046318    0.503839  0.016525  -1.588989  -1.590268   0.202575   0.202461    2.784575    2.780842
92   0.046816    0.505962  0.016661  -1.541900  -1.543206   0.207530   0.207413    2.890992    2.887184
93   0.047314    0.508071  0.016797  -1.494679  -1.496011   0.212575   0.212454    2.998169    2.994285
94   0.047812    0.510167  0.016932  -1.447321  -1.448680   0.217709   0.217585    3.106116    3.102156
95   0.048310    0.512250  0.017067  -1.399822  -1.401209   0.222934   0.222806    3.214841    3.210804
96   0.048808    0.514321  0.017202  -1.352180  -1.353594   0.228252   0.228120    3.324354    3.320239
97   0.049306    0.516380  0.017337  -1.304390  -1.305831   0.233664   0.233528    3.434662    3.430469
98   0.049804    0.518427  0.017471  -1.256448  -1.257918   0.239170   0.239030    3.545775    3.541503
99   0.050302    0.520463  0.017605  -1.208352  -1.209849   0.244772   0.244629    3.657702    3.653351
100  0.050800    0.522488  0.017739  -1.160097  -1.161623   0.250472   0.250324    3.770452    3.766020
101  0.051298    0.524502  0.017873  -1.111681  -1.113235   0.256270   0.256118    3.884032    3.879520
102  0.051796    0.526510  0.018006  -1.063099  -1.064683   0.262168   0.262012    3.998453    3.993860
103  0.052294    0.528506  0.018139  -1.014350  -1.015962   0.268167   0.268007    4.113722    4.109047
104  0.052792    0.530492  0.018272  -0.965428  -0.967070   0.274269   0.274105    4.229848    4.225091
105  0.053290    0.532470  0.018405  -0.916332  -0.918003   0.280474   0.280306    4.346840    4.342001
106  0.053788    0.534440  0.018538  -0.867057  -0.868758   0.286785   0.286612    4.464707    4.459785
107  0.054286    0.536402  0.018671  -0.817602  -0.819333   0.293202   0.293024    4.583458    4.578451
108  0.054784    0.538358  0.018804  -0.767962  -0.769723   0.299727   0.299544    4.703101    4.698009
109  0.055282    0.540304  0.018936  -0.718134  -0.719926   0.306361   0.306173    4.823644    4.818468
110  0.055780    0.542245  0.019069  -0.668116  -0.669938   0.313105   0.312913    4.945097    4.939835
111  0.056278    0.544179  0.019201  -0.617904  -0.619757   0.319961   0.319765    5.067468    5.062120
112  0.056776    0.546109  0.019334  -0.567496  -0.569380   0.326931   0.326729    5.190766    5.185331
113  0.057274    0.548034  0.019467  -0.516888  -0.518804   0.334016   0.333809    5.314999    5.309477
114  0.057772    0.549952  0.019599  -0.466078  -0.468025   0.341216   0.341005    5.440177    5.434567
115  0.058270    0.551867  0.019732  -0.415062  -0.417041   0.348534   0.348318    5.566307    5.560609
116  0.058768    0.553777  0.019865  -0.363839  -0.365849   0.355972   0.355750    5.693399    5.687612
117  0.059266    0.555684  0.019998  -0.312403  -0.314446   0.363530   0.363302    5.821462    5.815585
118  0.059764    0.557587  0.020132  -0.260754  -0.262829   0.371210   0.370977    5.950503    5.944537
119  0.060262    0.559488  0.020265  -0.208888  -0.210996   0.379013   0.378775    6.080532    6.074476
120  0.060760    0.561387  0.020399  -0.156803  -0.158943   0.386942   0.386698    6.211558    6.205411
121  0.061258    0.563283  0.020533  -0.104495  -0.106668   0.394997   0.394748    6.343590    6.337350
122  0.061756    0.565182  0.020668  -0.051962  -0.054168   0.403180   0.402925    6.476635    6.470303
123  0.062254    0.567076  0.020802   0.000799  -0.001441   0.411493   0.411232    6.610703    6.604278
124  0.062752    0.568970  0.020937   0.053791   0.051518   0.419937   0.419671    6.745803    6.739285
125  0.063250    0.570864  0.021073   0.107016   0.104709   0.428514   0.428242    6.881943    6.875331
126  0.063748    0.572759  0.021209   0.160476   0.158136   0.437226   0.436947    7.019133    7.012426
127  0.064246    0.574655  0.021345   0.214176   0.211801   0.446073   0.445789    7.157380    7.150579
128  0.064744    0.576553  0.021482   0.268117   0.265708   0.455058   0.454768    7.296695    7.289798
129  0.065242    0.578453  0.021619   0.322302   0.319858   0.464183   0.463886    7.437086    7.430092
130  0.065740    0.580355  0.021757   0.376734   0.374255   0.473448   0.473145    7.578562    7.571470
131  0.066238    0.582261  0.021896   0.431415   0.428901   0.482856   0.482547    7.721131    7.713942
132  0.066736    0.584170  0.022035   0.486348   0.483799   0.492409   0.492092    7.864803    7.857516
133  0.067234    0.586084  0.022175   0.541536   0.538951   0.502107   0.501784    8.009587    8.002201
134  0.067732    0.588002  0.022316   0.596980   0.594360   0.511953   0.511624    8.155492    8.148005
135  0.068230    0.589927  0.022458   0.652685   0.650028   0.521949   0.521612    8.302526    8.294939
136  0.068728    0.591857  0.022600   0.708651   0.705959   0.532095   0.531752    8.450699    8.443011
137  0.069226    0.593794  0.022744   0.764882   0.762154   0.542395   0.542045    8.600019    8.592229
138  0.069724    0.595738  0.022888   0.821381   0.818616   0.552850   0.552492    8.750497    8.742604
139  0.070222    0.597691  0.023033   0.878150   0.875348   0.563461   0.563096    8.902141    8.894144
140  0.070720    0.599652  0.023180   0.935191   0.932352   0.574230   0.573858    9.054959    9.046859
141  0.071218    0.601622  0.023327   0.992507   0.989631   0.585159   0.584780    9.208962    9.200757
142  0.071716    0.603603  0.023476   1.050101   1.047187   0.596251   0.595864    9.364159    9.355847
143  0.072214    0.605595  0.023626   1.107975   1.105024   0.607506   0.607111    9.520558    9.512139
144  0.072712    0.607599  0.023777   1.166131   1.163142   0.618927   0.618525    9.678169    9.669642
145  0.073210    0.609615  0.023930   1.224572   1.221545   0.630516   0.630105    9.837001    9.828366
146  0.073708    0.611644  0.024084   1.283301   1.280236   0.642274   0.641855    9.997063    9.988319
147  0.074206    0.613688  0.024240   1.342320   1.339217   0.654203   0.653777   10.158366   10.149510
148  0.074704    0.615746  0.024397   1.401632   1.398490   0.666306   0.665871   10.320917   10.311950
149  0.075202    0.617821  0.024556   1.461239   1.458057   0.678584   0.678141   10.484727   10.475647
150  0.075700    0.619913  0.024717   1.521143   1.517922   0.691040   0.690588   10.649805   10.640611
151  0.076198    0.622023  0.024879   1.581347   1.578087   0.703674   0.703213   10.816160   10.806851
152  0.076696    0.624153  0.025044   1.641854   1.638554   0.716490   0.716020   10.983802   10.974376
153  0.077194    0.626302  0.025210   1.702665   1.699326   0.729489   0.729010   11.152741   11.143196
154  0.077692    0.628471  0.025379   1.763785   1.760405   0.742673   0.742185   11.322985   11.313321
155  0.078190    0.630668  0.025550   1.825214   1.821794   0.756045   0.755547   11.494544   11.484760
156  0.078688    0.632885  0.025724   1.886955   1.883495   0.769606   0.769099   11.667428   11.657522
157  0.079186    0.635128  0.025899   1.949012   1.945510   0.783358   0.782841   11.841647   11.831617
158  0.079684    0.637395  0.026078   2.011386   2.007843   0.797304   0.796777   12.017210   12.007055
159  0.080182    0.639693  0.026259   2.074079   2.070495   0.811446   0.810909   12.194127   12.183844
160  0.080680    0.642020  0.026443   2.137095   2.133469   0.825785   0.825238   12.372407   12.361996
161  0.081178    0.644379  0.026631   2.200436   2.196768   0.840324   0.839766   12.552061   12.541518
162  0.081676    0.646770  0.026821   2.264103   2.260393   0.855066   0.854497   12.733098   12.722422
163  0.082174    0.649196  0.027015   2.328101   2.324348   0.870011   0.869431   12.915528   12.904716
164  0.082672    0.651660  0.027212   2.392430   2.388635   0.885163   0.884572   13.099360   13.088411
165  0.083170    0.654162  0.027414   2.457095   2.453255   0.900524   0.899921   13.284605   13.273516
166  0.083668    0.656705  0.027619   2.522096   2.518213   0.916096   0.915481   13.471272   13.460041
167  0.084166    0.659291  0.027828   2.587437   2.583510   0.931880   0.931253   13.659371   13.647995
168  0.084664    0.661924  0.028042   2.653119   2.649148   0.947881   0.947241   13.848913   13.837389
169  0.085162    0.664604  0.028260   2.719146   2.715131   0.964099   0.963446   14.039907   14.028232
170  0.085660    0.667337  0.028484   2.785520   2.781460   0.980537   0.979871   14.232364   14.220534
171  0.086158    0.670123  0.028712   2.852244   2.848138   0.997197   0.996518   14.426293   14.414305
172  0.086656    0.672968  0.028946   2.919319   2.915167   1.014082   1.013389   14.621704   14.609555
173  0.087154    0.675873  0.029187   2.986749   2.982551   1.031194   1.030486   14.818608   14.806293
174  0.087652    0.678844  0.029433   3.054535   3.050291   1.048535   1.047813   15.017015   15.004530
175  0.088150    0.681883  0.029686   3.122680   3.118389   1.066109   1.065371   15.216935   15.204275
176  0.088648    0.684998  0.029946   3.191188   3.186849   1.083916   1.083162   15.418378   15.405539
177  0.089146    0.688189  0.030214   3.260059   3.255672   1.101960   1.101190   15.621354   15.608331
178  0.089644    0.691464  0.030490   3.329297   3.324862   1.120243   1.119456   15.825875   15.812661
179  0.090142    0.694830  0.030774   3.398905   3.394420   1.138768   1.137963   16.031949   16.018539
180  0.090640    0.698291  0.031068   3.468884   3.464350   1.157537   1.156714   16.239588   16.225974
181  0.091138    0.701856  0.031372   3.539237   3.534653   1.176552   1.175710   16.448801   16.434978
182  0.091636    0.705532  0.031686   3.609966   3.605331   1.195816   1.194954   16.659600   16.645559
183  0.092134    0.709327  0.032013   3.681075   3.676389   1.215332   1.214449   16.871995   16.857727
184  0.092632    0.713252  0.032352   3.752566   3.747827   1.235102   1.234198   17.085996   17.071493
185  0.093130    0.717317  0.032704   3.824440   3.819649   1.255129   1.254202   17.301614   17.286865
186  0.093628    4.857437  0.509463   3.896701   3.905780   1.275415   1.178435   17.518859   16.492128
187  0.094126    9.488429  0.717148   3.969351   3.970318   1.295964   1.101688   17.737742   15.674709
188  0.094624   10.025149  0.730602   4.042393   4.032171   1.316776   1.111241   17.958274   15.775929
189  0.095122   10.460076  0.740614   4.115829   4.093965   1.337856   1.122720   18.180465   15.896918
190  0.095620   10.844228  0.748866   4.189661   4.155775   1.359206   1.135257   18.404326   16.028366
191  0.096118   11.198047  0.756020   4.263893   4.217644   1.380829   1.148511   18.629868   16.166617
192  0.096616   11.532236  0.762417   4.338526   4.279602   1.402727   1.162310   18.857102   16.309802
193  0.097114   11.853332  0.768259   4.413564   4.341668   1.424903   1.176550   19.086038   16.456810
194  0.097612   12.165767  0.773676   4.489008   4.403859   1.447359   1.191165   19.316687   16.606915
195  0.098110   12.472775  0.778760   4.564861   4.466188   1.470100   1.206108   19.549060   16.759609
196  0.098608   12.776908  0.783578   4.641126   4.528663   1.493127   1.221344   19.783169   16.914513
197  0.099106   13.080330  0.788182   4.717806   4.591294   1.516442   1.236846   20.019024   17.071327
198  0.099604   13.384899  0.792612   4.794902   4.654088   1.540050   1.252592   20.256635   17.229808
199  0.100102   13.692375  0.796902   4.872418   4.717048   1.563953   1.268562   20.496015   17.389744
200  0.100600   14.004492  0.801079   4.950355   4.780180   1.588154   1.284739   20.737175   17.550943
201  0.101098   14.323001  0.805170   5.028717   4.843487   1.612655   1.301105   20.980124   17.713223
202  0.101596   14.649771  0.809197   5.107507   4.906971   1.637460   1.317643   21.224875   17.876404
203  0.102094   14.986890  0.813182   5.186726   4.970634   1.662572   1.334334   21.471439   18.040296
204  0.102592   15.336673  0.817145   5.266377   5.034475   1.687992   1.351160   21.719827   18.204701
205  0.103090   15.701886  0.821108   5.346462   5.098495   1.713726   1.368096   21.970049   18.369388
206  0.103588   16.085798  0.825094   5.426986   5.162691   1.739774   1.385118   22.222119   18.534100
207  0.104086   16.492517  0.829129   5.507949   5.227060   1.766141   1.402190   22.476046   18.698517
208  0.104584   16.927197  0.833241   5.589354   5.291597   1.792830   1.419273   22.731842   18.862251
209  0.105082   17.396611  0.837465   5.671205   5.356296   1.819843   1.436314   22.989519   19.024803
210  0.105580   17.909868  0.841847   5.753504   5.421148   1.847184   1.453242   23.249088   19.185513
211  0.106078   18.479796  0.846445   5.836252   5.486139   1.874855   1.469958   23.510561   19.343470
212  0.106576   19.125148  0.851340   5.919454   5.551252   1.902861   1.486321   23.773949   19.497370
213  0.107074   19.875330  0.856653   6.003111   5.616462   1.931203   1.502114   24.039263   19.645206
214  0.107572   20.779603  0.862575   6.087227   5.681732   1.959885   1.516977   24.306516   19.783698
215  0.108070   21.929714  0.869437   6.171803   5.747008   1.988911   1.530261   24.575718   19.906916
216  0.108568   23.521773  0.877881   6.256843   5.812193   2.018283   1.540633   24.846883   20.002681
217  0.109066   26.028619  0.889170   6.342349   5.877109   2.048006   1.545090   25.120020   20.043671
218  0.109564   30.058524  0.903515   6.428323   5.941434   2.078081   1.540800   25.395143   20.004443
219  0.110062   34.236683  0.914934   6.514769   6.004983   2.108512   1.538038   25.672262   19.979271
220  0.110560   37.579174  0.922293   6.601689   6.067989   2.139303   1.541917   25.951390   20.014420
221  0.111058   40.361365  0.927513   6.689085   6.130678   2.170457   1.549891   26.232538   20.086369
222  0.111556   42.804507  0.931551   6.776961   6.193181   2.201977   1.560336   26.515719   20.180203
223  0.112054   45.026322  0.934852   6.865319   6.255579   2.233867   1.572440   26.800944   20.288459
224  0.112552   47.093383  0.937649   6.954161   6.317928   2.266129   1.585760   27.088226   20.407057
225  0.113050   49.046531  0.940081   7.043491   6.380269   2.298768   1.600028   27.377576   20.533550
226  0.113548   50.912942  0.942233   7.133310   6.442632   2.331787   1.615075   27.669006   20.666350
227  0.114046   52.711234  0.944166   7.223623   6.505041   2.365189   1.630782   27.962529   20.804380
228  0.114544   54.455089  0.945920   7.314431   6.567518   2.398978   1.647068   28.258157   20.946867
229  0.115042   56.154674  0.947527   7.405737   6.630080   2.433157   1.663872   28.555901   21.093246
230  0.115540   57.817654  0.949010   7.497544   6.692741   2.467730   1.681148   28.855774   21.243092
231  0.116038   59.450387  0.950387   7.589854   6.755514   2.502700   1.698860   29.157789   21.396066
232  0.116536   61.057687  0.951671   7.682671   6.818410   2.538071   1.716983   29.461957   21.551909
233  0.117034   62.643626  0.952875   7.775996   6.881440   2.573846   1.735494   29.768291   21.710409
234  0.117532   64.211559  0.954007   7.869834   6.944613   2.610030   1.754374   30.076804   21.871394
235  0.118030   65.764292  0.955076   7.964185   7.007936   2.646625   1.773612   30.387507   22.034723
236  0.118528   67.304199  0.956089   8.059054   7.071419   2.683635   1.793193   30.700413   22.200279
237  0.119026   68.833343  0.957050   8.154443   7.135068   2.721064   1.813111   31.015534   22.367963
238  0.119524   70.353398  0.957964   8.250355   7.198889   2.758916   1.833355   31.332884   22.537695
239  0.120022   71.865965  0.958836   8.346792   7.262889   2.797195   1.853921   31.652474   22.709401
240  0.120520   73.372389  0.959670   8.443758   7.327073   2.835903   1.874803   31.974317   22.883023
241  0.121018   74.873851  0.960468   8.541254   7.391448   2.875045   1.895996   32.298427   23.058509
242  0.121516   76.371422  0.961233   8.639285   7.456018   2.914626   1.917498   32.624814   23.235814
243  0.122014   77.865910  0.961967   8.737851   7.520788   2.954647   1.939305   32.953493   23.414903
244  0.122512   79.358338  0.962673   8.836958   7.585763   2.995114   1.961414   33.284476   23.595739
245  0.123010   80.849351  0.963353   8.936606   7.650947   3.036031   1.983825   33.617776   23.778296
246  0.123508   82.339788  0.964008   9.036800   7.716346   3.077400   2.006536   33.953405   23.962546
247  0.124006   83.830013  0.964640   9.137541   7.781962   3.119227   2.029545   34.291377   24.148473
248  0.124504   85.320902  0.965251   9.238833   7.847801   3.161514   2.052853   34.631704   24.336052
249  0.125002   86.812856  0.965841   9.340678   7.913865   3.204266   2.076459   34.974399   24.525269
250  0.125500   88.306245  0.966412   9.443080   7.980160   3.247488   2.100362   35.319476   24.716114
251  0.125998   89.801683  0.966965   9.546041   8.046687   3.291182   2.124564   35.666947   24.908571
252  0.126496   91.299465  0.967501   9.649564   8.113452   3.335353   2.149063   36.016825   25.102632
253  0.126994   92.800100  0.968021   9.753652   8.180457   3.380005   2.173862   36.369123   25.298286
254  0.127492   94.303764  0.968525   9.858307   8.247707   3.425142   2.198960   36.723855   25.495530
255  0.127990   95.810825  0.969015   9.963533   8.315203   3.470769   2.224358   37.081034   25.694357
256  0.128488   97.321866  0.969491  10.069333   8.382950   3.516889   2.250057   37.440673   25.894755
257  0.128986   98.836884  0.969954  10.175708   8.450950   3.563506   2.276058   37.802785   26.096729
258  0.129484  100.356314  0.970404  10.282663   8.519207   3.610625   2.302363   38.167384   26.300271
259  0.129982  101.880109  0.970843  10.390201   8.587724   3.658250   2.328973   38.534482   26.505385
260  0.130480  103.409029  0.971270  10.498323   8.656504   3.706385   2.355889   38.904093   26.712060
261  0.130978  104.942851  0.971685  10.607033   8.725550   3.755034   2.383112   39.276231   26.920303
262  0.131476  106.482130  0.972091  10.716334   8.794864   3.804202   2.410645   39.650910   27.130109
263  0.131974  108.026902  0.972486  10.826228   8.864450   3.853893   2.438488   40.028141   27.341481
264  0.132472  109.577414  0.972872  10.936720   8.934310   3.904111   2.466643   40.407940   27.554420
265  0.132970  111.133867  0.973248  11.047811   9.004447   3.954861   2.495113   40.790319   27.768925
266  0.133468  112.696200  0.973616  11.159504   9.074865   4.006147   2.523899   41.175293   27.985005
267  0.133966  114.264884  0.973975  11.271804   9.145564   4.057974   2.553002   41.562874   28.202655
268  0.134464  115.840104  0.974326  11.384711   9.216550   4.110345   2.582425   41.953077   28.421879
269  0.134962  117.421794  0.974669  11.498230   9.287823   4.163265   2.612170   42.345915   28.642682
270  0.135460  119.010268  0.975004  11.612364   9.359387   4.216740   2.642239   42.741402   28.865066
271  0.135958  120.605548  0.975332  11.727114   9.431244   4.270772   2.672634   43.139552   29.089036
272  0.136456  122.207907  0.975653  11.842486   9.503396   4.325368   2.703357   43.540379   29.314595
273  0.136954  123.817348  0.975966  11.958480   9.575847   4.380531   2.734410   43.943896   29.541748
274  0.137452  125.434288  0.976274  12.075101   9.648600   4.436266   2.765795   44.350118   29.770495
275  0.137950  127.058650  0.976575  12.192351   9.721655   4.492577   2.797514   44.759058   30.000845
276  0.138448  128.690369  0.976869  12.310234   9.795016   4.549470   2.829571   45.170731   30.232805
277  0.138946  130.329819  0.977158  12.428752   9.868686   4.606949   2.861967   45.585150   30.466376
278  0.139444  131.977092  0.977441  12.547908   9.942667   4.665018   2.894704   46.002329   30.701565
279  0.139942  133.632393  0.977718  12.667706  10.016960   4.723683   2.927784   46.422283   30.938374
280  0.140440  135.295549  0.977990  12.788148  10.091570   4.782948   2.961212   46.845026   31.176815
281  0.140938  136.966890  0.978257  12.909238  10.166498   4.842818   2.994988   47.270572   31.416889
282  0.141436  138.646541  0.978518  13.030979  10.241746   4.903297   3.029114   47.698935   31.658602
283  0.141934  140.334455  0.978775  13.153373  10.317317   4.964391   3.063595   48.130129   31.901962
284  0.142432  142.030710  0.979027  13.276424  10.393214   5.026104   3.098432   48.564170   32.146977
285  0.142930  143.735655  0.979274  13.400135  10.469438   5.088442   3.133627   49.001070   32.393648
286  0.143428  145.449098  0.979516  13.524508  10.545992   5.151408   3.169184   49.440845   32.641987
287  0.143926  147.171327  0.979754  13.649548  10.622879   5.215009   3.205105   49.883509   32.891996
288  0.144424  148.902372  0.979988  13.775256  10.700100   5.279249   3.241392   50.329077   33.143684
289  0.144922  150.642266  0.980217  13.901637  10.777659   5.344133   3.278049   50.777562   33.397059
290  0.145420  152.391298  0.980443  14.028693  10.855556   5.409666   3.315077   51.228980   33.652123
291  0.145918  154.149306  0.980665  14.156428  10.933796   5.475853   3.352480   51.683345   33.908889
292  0.146416  155.916540  0.980882  14.284844  11.012379   5.542699   3.390260   52.140671   34.167360
293  0.146914  157.693103  0.981096  14.413944  11.091309   5.610209   3.428419   52.600974   34.427543
294  0.147412  159.478595  0.981307  14.543733  11.170588   5.678389   3.466963   53.064268   34.689454
295  0.147910  161.273842  0.981513  14.674212  11.250217   5.747244   3.505892   53.530568   34.953087
296  0.148408  163.078659  0.981717  14.805386  11.330199   5.816778   3.545208   53.999889   35.218455
297  0.148906  164.892849  0.981917  14.937256  11.410537   5.886997   3.584917   54.472245   35.485569
298  0.149404  166.716931  0.982113  15.069828  11.491233   5.957906   3.625019   54.947651   35.754431
299  0.149902  168.550570  0.982307  15.203103  11.572288   6.029511   3.665518   55.426122   36.025053
300  0.150400  170.394170  0.982497  15.337084  11.653706   6.101817   3.706417   55.907674   36.297439
301  0.150898  172.247514  0.982684  15.471776  11.735488   6.174828   3.747720   56.392320   36.571601
302  0.151396  174.111067  0.982869  15.607181  11.817637   6.248551   3.789427   56.880077   36.847541
303  0.151894  175.984232  0.983050  15.743302  11.900155   6.322991   3.831545   57.370959   37.125276
304  0.152392  177.867648  0.983228  15.880143  11.983044   6.398154   3.874073   57.864982   37.404807
305  0.152890  179.761356  0.983404  16.017707  12.066307   6.474043   3.917017   58.362159   37.686142
306  0.153388  181.665406  0.983577  16.155996  12.149945   6.550666   3.960377   58.862508   37.969289
307  0.153886  183.579563  0.983747  16.295015  12.233961   6.628028   4.004160   59.366042   38.254260
308  0.154384  185.504282  0.983915  16.434767  12.318358   6.706134   4.048366   59.872778   38.541059
309  0.154882  187.439384  0.984080  16.575254  12.403136   6.784989   4.092999   60.382729   38.829698
310  0.155380  189.385114  0.984243  16.716481  12.488300   6.864600   4.138062   60.895913   39.120181
311  0.155878  191.341504  0.984403  16.858450  12.573850   6.944972   4.183558   61.412344   39.412518
312  0.156376  193.308471  0.984561  17.001164  12.659789   7.026110   4.229491   61.932037   39.706719
313  0.156874  195.286081  0.984717  17.144627  12.746120   7.108021   4.275863   62.455008   40.002793
314  0.157372  197.274478  0.984870  17.288843  12.832844   7.190709   4.322679   62.981273   40.300747
315  0.157870  199.274068  0.985021  17.433814  12.919963   7.274181   4.369940   63.510847   40.600586
316  0.158368  201.284316  0.985170  17.579543  13.007481   7.358443   4.417651   64.043746   40.902324
317  0.158866  203.305762  0.985316  17.726035  13.095399   7.443500   4.465813   64.579984   41.205966
318  0.159364  205.337911  0.985461  17.873292  13.183719   7.529357   4.514433   65.119579   41.511527
319  0.159862  207.381425  0.985604  18.021318  13.272444   7.616022   4.563511   65.662546   41.819008
320  0.160360  209.436304  0.985744  18.170116  13.361576   7.703499   4.613051   66.208899   42.128418
321  0.160858  211.502304  0.985883  18.319689  13.451116   7.791795   4.663057   66.758656   42.439770
322  0.161356  213.579487  0.986019  18.470041  13.541068   7.880916   4.713532   67.311832   42.753073
323  0.161854  215.668487  0.986154  18.621176  13.631434   7.970867   4.764479   67.868442   43.068330
324  0.162352  217.768622  0.986287  18.773095  13.722215   8.061655   4.815903   68.428504   43.385556
325  0.162850  219.880301  0.986418  18.925804  13.813414   8.153285   4.867805   68.992031   43.704758
326  0.163348  222.003628  0.986548  19.079304  13.905033   8.245764   4.920191   69.559042   44.025944
327  0.163846  224.138754  0.986675  19.233600  13.997074   8.339098   4.973062   70.129551   44.349123
328  0.164344  226.285232  0.986801  19.388696  14.089540   8.433293   5.026423   70.703575   44.674307
329  0.164842  228.443980  0.986925  19.544593  14.182432   8.528354   5.080276   71.281130   45.001498
330  0.165340  230.614352  0.987048  19.701297  14.275754   8.624289   5.134627   71.862231   45.330712
331  0.165838  232.796417  0.987169  19.858809  14.369507   8.721103   5.189478   72.446896   45.661958
332  0.166336  234.990832  0.987288  20.017135  14.463693   8.818803   5.244831   73.035140   45.995239
333  0.166834  237.196652  0.987406  20.176276  14.558315   8.917395   5.300693   73.626979   46.330575
334  0.167332  239.415129  0.987522  20.336237  14.653374   9.016885   5.357065   74.222431   46.667963
335  0.167830  241.645588  0.987637  20.497021  14.748874   9.117279   5.413951   74.821510   47.007418
336  0.168328  243.888045  0.987750  20.658631  14.844816   9.218585   5.471356   75.424235   47.348952
337  0.168826  246.143111  0.987861  20.821071  14.941202   9.320807   5.529282   76.030620   47.692568
338  0.169324  248.410510  0.987972  20.984344  15.038035   9.423954   5.587733   76.640682   48.038278
339  0.169822  250.690079  0.988081  21.148454  15.135317   9.528030   5.646713   77.254439   48.386094
340  0.170320  252.982054  0.988188  21.313405  15.233051   9.633044   5.706226   77.871906   48.736024
341  0.170818  255.286571  0.988295  21.479199  15.331237   9.739000   5.766276   78.493100   49.088077
342  0.171316  257.604068  0.988399  21.645841  15.429880   9.845907   5.826865   79.118038   49.442258
343  0.171814  259.933835  0.988503  21.813333  15.528980   9.953770   5.887998   79.746736   49.798585
344  0.172312  262.276408  0.988605  21.981680  15.628540  10.062595   5.949679   80.379211   50.157062
345  0.172810  264.631728  0.988706  22.150885  15.728563  10.172391   6.011911   81.015480   50.517699
346  0.173308  266.999878  0.988806  22.320951  15.829050  10.283162   6.074698   81.655559   50.880507
347  0.173806  269.380768  0.988905  22.491882  15.930004  10.394917   6.138045   82.299466   51.245497
348  0.174304  271.774582  0.989002  22.663681  16.031427  10.507661   6.201954   82.947217   51.612676
349  0.174802  274.181854  0.989098  22.836352  16.133322  10.621402   6.266429   83.598829   51.982050
350  0.175300  276.602259  0.989193  23.009899  16.235689  10.736147   6.331475   84.254319   52.353633
351  0.175798  279.035041  0.989287  23.184325  16.338533  10.851901   6.397097   84.913704   52.727441
352  0.176296  281.481335  0.989380  23.359634  16.441855  10.968673   6.463297   85.577001   53.103475
353  0.176794  283.940567  0.989472  23.535829  16.545657  11.086469   6.530080   86.244227   53.481749
354  0.177292  286.413866  0.989562  23.712914  16.649942  11.205295   6.597447   86.915400   53.862265
355  0.177790  288.900029  0.989652  23.890892  16.754711  11.325160   6.665406   87.590535   54.245044
356  0.178288  291.399584  0.989740  24.069768  16.859968  11.446069   6.733960   88.269652   54.630090
357  0.178786  293.912580  0.989828  24.249544  16.965713  11.568030   6.803111   88.952765   55.017414
358  0.179284  296.439399  0.989914  24.430224  17.071951  11.691050   6.872865   89.639894   55.407024
359  0.179782  298.979824  0.989999  24.611813  17.178682  11.815137   6.943226   90.331055   55.798931
360  0.180280  301.533179  0.990084  24.794313  17.285909  11.940296   7.014198   91.026266   56.193151
361  0.180778  304.100726  0.990167  24.977728  17.393635  12.066536   7.085784   91.725543   56.589685
362  0.181276  306.682686  0.990250  25.162063  17.501862  12.193864   7.157987   92.428905   56.988542
363  0.181774  309.277753  0.990331  25.347320  17.610591  12.322287   7.230815   93.136369   57.389742
364  0.182272  311.887187  0.990412  25.533503  17.719825  12.451811   7.304270   93.847952   57.793285
365  0.182770  314.510058  0.990492  25.720616  17.829568  12.582445   7.378356   94.563672   58.199191
366  0.183268  317.147202  0.990570  25.908662  17.939819  12.714196   7.453078   95.283546   58.607462
367  0.183766  319.798121  0.990648  26.097646  18.050583  12.847071   7.528439   96.007592   59.018114
368  0.184264  322.463560  0.990725  26.287571  18.161862  12.981078   7.604444   96.735828   59.431151
369  0.184762  325.143247  0.990802  26.478440  18.273656  13.116223   7.681098   97.468271   59.846586
370  0.185260  327.836991  0.990877  26.670258  18.385970  13.252515   7.758404   98.204940   60.264431
371  0.185758  330.545158  0.990952  26.863028  18.498805  13.389961   7.836366   98.945851   60.684695
372  0.186256  333.267731  0.991025  27.056754  18.612164  13.528568   7.914990   99.691023   61.107387
373  0.186754  336.004433  0.991098  27.251440  18.726048  13.668345   7.994280  100.440474   61.532520
374  0.187252  338.756054  0.991170  27.447089  18.840461  13.809298   8.074239  101.194221   61.960101
375  0.187750  341.522606  0.991242  27.643705  18.955404  13.951436   8.154871  101.952283   62.390138
376  0.188248  344.302618  0.991312  27.841292  19.070880  14.094765   8.236184  102.714677   62.822655
377  0.188746  347.098275  0.991382  28.039853  19.186891  14.239294   8.318179  103.481421   63.257646
378  0.189244  349.908346  0.991451  28.239393  19.303439  14.385031   8.400861  104.252534   63.695130
379  0.189742  352.732772  0.991519  28.439915  19.420527  14.531983   8.484236  105.028033   64.135119
380  0.190240  355.572478  0.991587  28.641423  19.538157  14.680158   8.568307  105.807937   64.577617
381  0.190738  358.427472  0.991653  28.843921  19.656332  14.829563   8.653078  106.592264   65.022636
382  0.191236  361.296787  0.991720  29.047412  19.775053  14.980208   8.738556  107.381032   65.470192
383  0.191734  364.181299  0.991785  29.251901  19.894323  15.132099   8.824743  108.174259   65.920291
384  0.192232  367.081155  0.991850  29.457391  20.014145  15.285245   8.911644  108.971964   66.372942
385  0.192730  369.996090  0.991914  29.663887  20.134520  15.439654   8.999265  109.774164   66.828159
386  0.193228  372.926222  0.991977  29.871391  20.255451  15.595333   9.087610  110.580879   67.285952
387  0.193726  375.872323  0.992040  30.079908  20.376941  15.752291   9.176682  111.392127   67.746327
388  0.194224  378.832122  0.992102  30.289441  20.498991  15.910536   9.266489  112.207926   68.209309
389  0.194722  381.808295  0.992163  30.499995  20.621605  16.070076   9.357032  113.028295   68.674893
390  0.195220  384.799938  0.992224  30.711573  20.744784  16.230918   9.448318  113.853252   69.143094
391  0.195718  387.806544  0.992284  30.924180  20.868531  16.393073   9.540352  114.682816   69.613929
392  0.196216  390.829994  0.992344  31.137818  20.992848  16.556546   9.633136  115.517005   70.087395
393  0.196714  393.868278  0.992403  31.352493  21.117737  16.721348   9.726677  116.355838   70.563516
394  0.197212  396.922472  0.992461  31.568208  21.243202  16.887486   9.820979  117.199334   71.042298
395  0.197710  399.991688  0.992519  31.784966  21.369244  17.054968   9.916049  118.047512   71.523757
396  0.198208  403.077626  0.992576  32.002772  21.495865  17.223803  10.011888  118.900389   72.007894
397  0.198706  406.178618  0.992632  32.221630  21.623069  17.393999  10.108504  119.757986   72.494730
398  0.199204  409.296656  0.992688  32.441543  21.750857  17.565565  10.205899  120.620321   72.984263
399  0.199702  412.430310  0.992744  32.662516  21.879231  17.738510  10.304081  121.487413   73.476515
400  0.200200  415.579132  0.992799  32.884553  22.008195  17.912841  10.403053  122.359281   73.971499
401  0.200698  418.745609  0.992853  33.107657  22.137751  18.088567  10.502820  123.235943   74.469212
402  0.201196  421.927538  0.992907  33.331832  22.267900  18.265697  10.603387  124.117419   74.969678
403  0.201694  425.125225  0.992960  33.557083  22.398646  18.444240  10.704760  125.003728   75.472907
404  0.202192  428.340016  0.993013  33.783413  22.529991  18.624204  10.806942  125.894889   75.978902
405  0.202690  431.570832  0.993065  34.010826  22.661937  18.805597  10.909940  126.790921   76.487681
406  0.203188  434.818494  0.993116  34.239327  22.794487  18.988430  11.013758  127.691843   76.999250
407  0.203686  438.081517  0.993168  34.468919  22.927642  19.172710  11.118402  128.597675   77.513631
408  0.204184  441.362441  0.993218  34.699607  23.061406  19.358446  11.223875  129.508436   78.030819
409  0.204682  444.659465  0.993268  34.931393  23.195781  19.545647  11.330183  130.424144   78.550836
410  0.205180  447.972945  0.993318  35.164284  23.330770  19.734323  11.437333  131.344820   79.073693
411  0.205678  451.303564  0.993367  35.398281  23.466374  19.924481  11.545328  132.270483   79.599396
412  0.206176  454.650149  0.993416  35.633391  23.602596  20.116131  11.654174  133.201152   80.127964
413  0.206674  458.014433  0.993464  35.869616  23.739438  20.309282  11.763876  134.136847   80.659399
414  0.207172  461.396256  0.993512  36.106960  23.876904  20.503943  11.874438  135.077587   81.193712
415  0.207670  464.794423  0.993559  36.345428  24.014996  20.700123  11.985867  136.023391   81.730924
416  0.208168  468.208442  0.993606  36.585024  24.153715  20.897831  12.098169  136.974280   82.271048
417  0.208666  471.641266  0.993653  36.825751  24.293064  21.097076  12.211346  137.930272   82.814079
418  0.209164  475.090929  0.993699  37.067615  24.433047  21.297868  12.325405  138.891388   83.360039
419  0.209662  478.557515  0.993744  37.310619  24.573665  21.500215  12.440353  139.857648   83.908941
420  0.210160  482.041634  0.993789  37.554766  24.714920  21.704128  12.556193  140.829070   84.460793
421  0.210658  485.543027  0.993834  37.800062  24.856816  21.909614  12.672931  141.805675   85.015607
422  0.211156  489.061660  0.993878  38.046511  24.999354  22.116685  12.790573  142.787483   85.573397
423  0.211654  492.598658  0.993922  38.294116  25.142538  22.325348  12.909122  143.774513   86.134166
424  0.212152  496.152028  0.993966  38.542881  25.286369  22.535614  13.028588  144.766785   86.697940
425  0.212650  499.723737  0.994009  38.792811  25.430850  22.747491  13.148972  145.764320   87.264717
426  0.213148  503.312778  0.994051  39.043911  25.575984  22.960990  13.270282  146.767137   87.834516
427  0.213646  506.920273  0.994094  39.296183  25.721773  23.176120  13.392521  147.775257   88.407343
428  0.214144  510.544346  0.994135  39.549632  25.868220  23.392890  13.515699  148.788698   88.983220
429  0.214642  514.187321  0.994177  39.804263  26.015327  23.611311  13.639816  149.807482   89.562146
430  0.215140  517.848013  0.994218  40.060080  26.163096  23.831391  13.764882  150.831629   90.144139
431  0.215638  521.527517  0.994259  40.317087  26.311531  24.053141  13.890899  151.861159   90.729207
432  0.216136  525.223295  0.994299  40.575287  26.460633  24.276569  14.017876  152.896091   91.317373
433  0.216634  528.937831  0.994339  40.834686  26.610405  24.501687  14.145817  153.936447   91.908638
434  0.217132  532.671049  0.994379  41.095287  26.760850  24.728503  14.274727  154.982246   92.503013
435  0.217630  536.422325  0.994418  41.357095  26.911970  24.957028  14.404613  156.033510   93.100514
436  0.218128  540.191955  0.994457  41.620114  27.063768  25.187271  14.535479  157.090257   93.701152
437  0.218626  543.980184  0.994495  41.884348  27.216246  25.419243  14.667332  158.152510   94.304937
438  0.219124  547.786684  0.994533  42.149801  27.369406  25.652953  14.800178  159.220287   94.911884
439  0.219622  551.611802  0.994571  42.416478  27.523252  25.888412  14.934022  160.293610   95.522002
440  0.220120  555.454913  0.994609  42.684383  27.677786  26.125628  15.068870  161.372500   96.135308
441  0.220618  559.317726  0.994646  42.953520  27.833010  26.364614  15.204727  162.456976   96.751804
442  0.221116  563.198117  0.994683  43.223893  27.988927  26.605377  15.341600  163.547060   97.371514
443  0.221614  567.097870  0.994719  43.495508  28.145539  26.847930  15.479495  164.642771   97.994441
444  0.222112  571.015767  0.994755  43.768367  28.302850  27.092281  15.618417  165.744132   98.620604
445  0.222610  574.953893  0.994791  44.042476  28.460861  27.338442  15.758371  166.851162   99.250004
446  0.223108  578.910561  0.994827  44.317838  28.619575  27.586422  15.899365  167.963883   99.882661
447  0.223606  582.886872  0.994862  44.594459  28.778994  27.836232  16.041403  169.082315  100.518584
448  0.224104  586.879623  0.994897  44.872341  28.939123  28.087881  16.184495  170.206478  101.157800
449  0.224602  590.894469  0.994932  45.151491  29.099962  28.341382  16.328640  171.336395  101.800294
450  0.225100  594.926626  0.994966  45.431911  29.261514  28.596743  16.473851  172.472086  102.446101
451  0.225598  598.979597  0.995000  45.713607  29.423782  28.853976  16.620129  173.613571  103.095218
452  0.226096  603.050697  0.995034  45.996582  29.586769  29.113091  16.767483  174.760872  103.747669
453  0.226594  607.142848  0.995067  46.280842  29.750477  29.374098  16.915916  175.914011  104.403453
454  0.227092  611.252177  0.995100  46.566390  29.914909  29.637009  17.065439  177.073007  105.062600
455  0.227590  615.383870  0.995133  46.853231  30.080067  29.901833  17.216053  178.237883  105.725100
456  0.228088  619.533773  0.995165  47.141369  30.245955  30.168582  17.367767  179.408659  106.390984
457  0.228586  623.702743  0.995198  47.430808  30.412574  30.437266  17.520588  180.585356  107.060260
458  0.229084  627.891792  0.995230  47.721554  30.579927  30.707895  17.674520  181.767997  107.732937
459  0.229582  632.101762  0.995261  48.013610  30.748016  30.980482  17.829569  182.956602  108.409023
460  0.230080  636.330705  0.995293  48.306981  30.916846  31.255036  17.985744  184.151192  109.088540
461  0.230578  640.579250  0.995324  48.601672  31.086417  31.531569  18.143049  185.351790  109.771498
462  0.231076  644.848130  0.995355  48.897686  31.256733  31.810091  18.301490  186.558415  110.457905
463  0.231574  649.137035  0.995386  49.195028  31.427796  32.090613  18.461075  187.771091  111.147777
464  0.232072  653.446480  0.995416  49.493703  31.599610  32.373147  18.621809  188.989838  111.841123
465  0.232570  657.775065  0.995446  49.793715  31.772175  32.657703  18.783699  190.214678  112.537963
466  0.233068  662.125748  0.995476  50.095069  31.945497  32.944293  18.946750  191.445632  113.238296
467  0.233566  666.495586  0.995506  50.397769  32.119576  33.232928  19.110971  192.682723  113.942147
468  0.234064  670.884482  0.995535  50.701819  32.294415  33.523618  19.276368  193.925971  114.649531
469  0.234562  675.297556  0.995564  51.007224  32.470018  33.816375  19.442943  195.175399  115.360438
470  0.235060  679.729400  0.995593  51.313989  32.646386  34.111211  19.610707  196.431028  116.074903
471  0.235558  684.181402  0.995622  51.622118  32.823523  34.408137  19.779667  197.692880  116.792935
472  0.236056  688.654382  0.995650  51.931615  33.001431  34.707163  19.949827  198.960977  117.514541
473  0.236554  693.146898  0.995678  52.242486  33.180114  35.008302  20.121195  200.235341  118.239742
474  0.237052  697.661260  0.995706  52.554734  33.359572  35.311565  20.293777  201.515994  118.968541
475  0.237550  702.197633  0.995734  52.868365  33.539810  35.616962  20.467579  202.802957  119.700949
476  0.238048  706.753930  0.995761  53.183382  33.720830  35.924507  20.642608  204.096253  120.436989
477  0.238546  711.331466  0.995788  53.499790  33.902634  36.234210  20.818872  205.395903  121.176668
478  0.239044  715.931220  0.995816  53.817594  34.085225  36.546083  20.996375  206.701930  121.919995
479  0.239542  720.550367  0.995842  54.136799  34.268607  36.860138  21.175127  208.014356  122.666994
480  0.240040  725.189868  0.995869  54.457409  34.452781  37.176386  21.355133  209.333203  123.417675
481  0.240538  729.853792  0.995895  54.779428  34.637750  37.494839  21.536398  210.658493  124.172035
482  0.241036  734.537417  0.995921  55.102861  34.823518  37.815508  21.718931  211.990249  124.930106
483  0.241534  739.241748  0.995947  55.427714  35.010086  38.138407  21.902740  213.328492  125.691896
484  0.242032  743.968098  0.995973  55.753989  35.197458  38.463545  22.087829  214.673246  126.457413
485  0.242530  748.716986  0.995998  56.081693  35.385637  38.790937  22.274206  216.024531  127.226670
486  0.243028  753.485348  0.996024  56.410830  35.574624  39.120592  22.461879  217.382372  127.999690
487  0.243526  758.278383  0.996049  56.741403  35.764422  39.452524  22.650851  218.746789  128.776467
488  0.244024  763.091292  0.996074  57.073419  35.955036  39.786744  22.841134  220.117807  129.557033
489  0.244522  767.926839  0.996098  57.406881  36.146466  40.123264  23.032731  221.495446  130.341390
490  0.245020  772.785307  0.996123  57.741795  36.338716  40.462097  23.225650  222.879730  131.129551
491  0.245518  777.663781  0.996147  58.078164  36.531789  40.803255  23.419901  224.270682  131.921540
492  0.246016  782.565008  0.996171  58.415994  36.725688  41.146749  23.615487  225.668323  132.717360
493  0.246514  787.489024  0.996195  58.755290  36.920414  41.492593  23.812417  227.072678  133.517024
494  0.247012  792.434110  0.996219  59.096055  37.115972  41.840798  24.010698  228.483767  134.320552
495  0.247510  797.402623  0.996243  59.438295  37.312363  42.191376  24.210336  229.901615  135.127948
496  0.248008  802.392386  0.996266  59.782015  37.509590  42.544341  24.411339  231.326243  135.939235
497  0.248506  807.404084  0.996289  60.127218  37.707657  42.899704  24.613715  232.757676  136.754422
498  0.249004  812.440475  0.996312  60.473911  37.906566  43.257479  24.817469  234.195935  137.573514
499  0.249502  817.497306  0.996335  60.822097  38.106319  43.617677  25.022610  235.641044  138.396539
500  0.250000  822.577761  0.996357  61.171781  38.306920  43.980311  25.229145  237.093025  139.223499
501  0.250498  827.681929  0.996380  61.522969  38.508372  44.345394  25.437079  238.551901  140.054407