      density       alpha     S_nem     F(iso)     F(nem)     P(iso)     P(nem)     mu(iso)     mu(nem)
0    0.001000    3.936239  0.430894  -7.869999  -8.303306   0.001038   0.001036   -6.831947   -7.267609
1    0.001498    3.947836  0.432012  -7.446845  -7.881332   0.001584   0.001579   -6.389399   -6.827465
2    0.001996    3.959640  0.433146  -7.140659  -7.576344   0.002150   0.002140   -6.063521   -6.504041
3    0.002494    3.971652  0.434296  -6.898596  -7.335496   0.002736   0.002721   -5.801465   -6.244491
4    0.002992    3.983876  0.435463  -6.697072  -7.135204   0.003343   0.003321   -5.579646   -6.025230
5    0.003490    3.996316  0.436647  -6.523492  -6.962873   0.003972   0.003941   -5.385467   -5.833661
6    0.003988    4.008974  0.437847  -6.370333  -6.810980   0.004622   0.004581   -5.211401   -5.662259
7    0.004486    4.021855  0.439064  -6.232739  -6.674670   0.005294   0.005242   -5.052591   -5.506167
8    0.004984    4.034962  0.440298  -6.107393  -6.550626   0.005989   0.005924   -4.905717   -5.362065
9    0.005482    4.048299  0.441549  -5.991927  -6.436480   0.006707   0.006627   -4.768410   -5.227587
10   0.005980    4.061871  0.442818  -5.884595  -6.330485   0.007449   0.007352   -4.638919   -5.100981
11   0.006478    4.075685  0.444104  -5.784067  -6.231313   0.008215   0.008100   -4.515914   -4.980919
12   0.006976    4.089738  0.445407  -5.689311  -6.137931   0.009006   0.008870   -4.398359   -4.866366
13   0.007474    4.104037  0.446728  -5.599507  -6.049521   0.009821   0.009664   -4.285434   -4.756501
14   0.007972    4.118588  0.448067  -5.513997  -5.965423   0.010663   0.010481   -4.176475   -4.650664
15   0.008470    4.133395  0.449424  -5.432238  -5.885096   0.011530   0.011323   -4.070939   -4.548311
16   0.008968    4.148463  0.450800  -5.353783  -5.808092   0.012424   0.012188   -3.968376   -4.448994
17   0.009466    4.163796  0.452194  -5.278258  -5.734037   0.013346   0.013079   -3.868408   -4.352335
18   0.009964    4.179402  0.453606  -5.205343  -5.662614   0.014295   0.013995   -3.770714   -4.258016
19   0.010462    4.195279  0.455037  -5.134769  -5.593551   0.015272   0.014938   -3.675021   -4.165764
20   0.010960    4.211439  0.456487  -5.066300  -5.526614   0.016278   0.015906   -3.581091   -4.075344
21   0.011458    4.227884  0.457955  -4.999736  -5.461602   0.017313   0.016901   -3.488721   -3.986552
22   0.011956    4.244621  0.459444  -4.934899  -5.398339   0.018378   0.017924   -3.397730   -3.899209
23   0.012454    4.261655  0.460951  -4.871633  -5.336668   0.019474   0.018974   -3.307961   -3.813160
24   0.012952    4.278991  0.462478  -4.809802  -5.276454   0.020601   0.020052   -3.219273   -3.728266
25   0.013450    4.296637  0.464025  -4.749284  -5.217575   0.021759   0.021159   -3.131541   -3.644403
26   0.013948    4.314597  0.465591  -4.689971  -5.159924   0.022949   0.022295   -3.044655   -3.561461
27   0.014446    4.332878  0.467178  -4.631765  -5.103402   0.024172   0.023461   -2.958515   -3.479344
28   0.014944    4.351486  0.468784  -4.574579  -5.047923   0.025428   0.024657   -2.873029   -3.397960
29   0.015442    4.370428  0.470412  -4.518333  -4.993409   0.026718   0.025884   -2.788116   -3.317232
30   0.015940    4.389711  0.472059  -4.462958  -4.939788   0.028043   0.027141   -2.703702   -3.237085
31   0.016438    4.409342  0.473728  -4.408387  -4.886996   0.029402   0.028430   -2.619718   -3.157453
32   0.016936    4.429328  0.475417  -4.354561  -4.834974   0.030797   0.029751   -2.536102   -3.078277
33   0.017434    4.449676  0.477128  -4.301427  -4.783668   0.032229   0.031105   -2.452797   -2.999500
34   0.017932    4.470394  0.478859  -4.248934  -4.733029   0.033698   0.032492   -2.369750   -2.921072
35   0.018430    4.491490  0.480613  -4.197036  -4.683012   0.035204   0.033912   -2.286912   -2.842946
36   0.018928    4.512972  0.482387  -4.145693  -4.633574   0.036748   0.035367   -2.204237   -2.765079
37   0.019426    4.534847  0.484184  -4.094863  -4.584678   0.038331   0.036856   -2.121684   -2.687431
38   0.019924    4.557130  0.486003  -4.044513  -4.536288   0.039954   0.038380   -2.039213   -2.609964
39   0.020422    4.579821  0.487844  -3.994608  -4.488371   0.041616   0.039940   -1.956788   -2.532645
40   0.020920    4.602933  0.489707  -3.945117  -4.440896   0.043320   0.041536   -1.874373   -2.455441
41   0.021418    4.626477  0.491593  -3.896011  -4.393834   0.045065   0.043168   -1.791936   -2.378322
42   0.021916    4.650462  0.493502  -3.847262  -4.347160   0.046852   0.044838   -1.709447   -2.301261
43   0.022414    4.674896  0.495433  -3.798847  -4.300848   0.048683   0.046545   -1.626878   -2.224230
44   0.022912    4.699792  0.497388  -3.750740  -4.254875   0.050556   0.048291   -1.544200   -2.147207
45   0.023410    4.725162  0.499367  -3.702920  -4.209219   0.052474   0.050075   -1.461388   -2.070166
46   0.023908    4.751017  0.501369  -3.655365  -4.163860   0.054437   0.051899   -1.378418   -1.993088
47   0.024406    4.777369  0.503395  -3.608056  -4.118779   0.056446   0.053762   -1.295266   -1.915952
48   0.024904    4.804228  0.505445  -3.560975  -4.073958   0.058501   0.055666   -1.211910   -1.838738
49   0.025402    4.831610  0.507520  -3.514103  -4.029379   0.060603   0.057610   -1.128328   -1.761428
50   0.025900    4.859526  0.509620  -3.467425  -3.985027   0.062754   0.059596   -1.044501   -1.684006
51   0.026398    4.887992  0.511744  -3.420923  -3.940887   0.064953   0.061624   -0.960409   -1.606454
52   0.026896    4.917023  0.513894  -3.374584  -3.896944   0.067201   0.063695   -0.876033   -1.528759
53   0.027394    4.946634  0.516069  -3.328393  -3.853185   0.069500   0.065808   -0.791356   -1.450905
54   0.027892    4.976841  0.518270  -3.282337  -3.809597   0.071849   0.067965   -0.706359   -1.372878
55   0.028390    5.007661  0.520497  -3.236403  -3.766168   0.074251   0.070166   -0.621027   -1.294667
56   0.028888    5.039111  0.522751  -3.190579  -3.722886   0.076704   0.072411   -0.535343   -1.216259
57   0.029386    5.071211  0.525032  -3.144852  -3.679741   0.079212   0.074702   -0.449292   -1.137642
58   0.029884    5.103980  0.527341  -3.099213  -3.636722   0.081773   0.077038   -0.362858   -1.058805
59   0.030382    5.137439  0.529676  -3.053649  -3.593819   0.084390   0.079421   -0.276027   -0.979738
60   0.030880    5.171609  0.532041  -3.008152  -3.551023   0.087062   0.081850   -0.188785   -0.900431
61   0.031378    5.206514  0.534433  -2.962710  -3.508324   0.089791   0.084327   -0.101118   -0.820875
62   0.031876    5.242176  0.536855  -2.917316  -3.465715   0.092578   0.086851   -0.013012   -0.741062
63   0.032374    5.278621  0.539307  -2.871959  -3.423187   0.095423   0.089424    0.075546   -0.660983
64   0.032872    5.315877  0.541788  -2.826632  -3.380732   0.098327   0.092045    0.164568   -0.580630
65   0.033370    5.353971  0.544300  -2.781325  -3.338343   0.101291   0.094716    0.254067   -0.499997
66   0.033868    5.392932  0.546844  -2.736031  -3.296013   0.104316   0.097436    0.344056   -0.419076
67   0.034366    5.432792  0.549419  -2.690743  -3.253735   0.107404   0.100207    0.434545   -0.337862
68   0.034864    5.473581  0.552027  -2.645451  -3.211503   0.110554   0.103028    0.525548   -0.256349
69   0.035362    5.515339  0.554668  -2.600151  -3.169310   0.113768   0.105901    0.617075   -0.174531
70   0.035860    5.558101  0.557342  -2.554833  -3.127150   0.117046   0.108826    0.709137   -0.092403
71   0.036358    5.601906  0.560052  -2.509493  -3.085019   0.120390   0.111803    0.801747   -0.009962
72   0.036856    5.646793  0.562796  -2.464122  -3.042910   0.123801   0.114832    0.894914    0.072797
73   0.037354    5.692806  0.565577  -2.418716  -3.000818   0.127279   0.117915    0.988650    0.155878
74   0.037852    5.739990  0.568394  -2.373267  -2.958739   0.130825   0.121051    1.082964    0.239282
75   0.038350    5.788394  0.571249  -2.327770  -2.916667   0.134441   0.124242    1.177868    0.323014
76   0.038848    5.838068  0.574143  -2.282219  -2.874598   0.138128   0.127486    1.273373    0.407074
77   0.039346    5.889065  0.577076  -2.236609  -2.832529   0.141885   0.130786    1.369486    0.491465
78   0.039844    5.941442  0.580049  -2.190933  -2.790454   0.145716   0.134140    1.466220    0.576188
79   0.040342    5.995254  0.583063  -2.145187  -2.748370   0.149619   0.137551    1.563584    0.661243
80   0.040840    6.050565  0.586119  -2.099366  -2.706273   0.153597   0.141017    1.661588    0.746632
81   0.041338    6.107439  0.589218  -2.053464  -2.664160   0.157651   0.144539    1.760241    0.832353
82   0.041836    6.165941  0.592360  -2.007477  -2.622027   0.161781   0.148118    1.859553    0.918406
83   0.042334    6.226143  0.595547  -1.961399  -2.579871   0.165989   0.151753    1.959534    1.004790
84   0.042832    6.288113  0.598778  -1.915226  -2.537689   0.170275   0.155446    2.060193    1.091504
85   0.043330    6.351928  0.602055  -1.868954  -2.495478   0.174641   0.159195    2.161540    1.178546
86   0.043828    6.417661  0.605377  -1.822578  -2.453235   0.179088   0.163003    2.263583    1.265913
87   0.044326    6.485391  0.608746  -1.776094  -2.410959   0.183617   0.166868    2.366333    1.353604
88   0.044824    6.555195  0.612161  -1.729497  -2.368645   0.188229   0.170791    2.469798    1.441615
89   0.045322    6.627154  0.615623  -1.682783  -2.326293   0.192925   0.174772    2.573987    1.529943
90   0.045820    6.701340  0.619130  -1.635949  -2.283900   0.197707   0.178812    2.678910    1.618587
91   0.046318    6.777834  0.622684  -1.588989  -2.241463   0.202575   0.182910    2.784575    1.707542
92   0.046816    6.856709  0.626281  -1.541900  -2.198982   0.207530   0.187067    2.890992    1.796805
93   0.047314    6.938033  0.629923  -1.494679  -2.156453   0.212575   0.191282    2.998169    1.886374
94   0.047812    7.021873  0.633607  -1.447321  -2.113876   0.217709   0.195557    3.106116    1.976247
95   0.048310    7.108286  0.637330  -1.399822  -2.071249   0.222934   0.199891    3.214841    2.066422
96   0.048808    7.197321  0.641091  -1.352180  -2.028570   0.228252   0.204284    3.324354    2.156898
97   0.049306    7.289018  0.644887  -1.304390  -1.985838   0.233664   0.208738    3.434662    2.247674
98   0.049804    7.383409  0.648714  -1.256448  -1.943051   0.239170   0.213251    3.545775    2.338751
99   0.050302    7.480505  0.652569  -1.208352  -1.900208   0.244772   0.217825    3.657702    2.430132
100  0.050800    7.580313  0.656447  -1.160097  -1.857308   0.250472   0.222460    3.770452    2.521818
101  0.051298    7.682815  0.660343  -1.111681  -1.814349   0.256270   0.227156    3.884032    2.613816
102  0.051796    7.787984  0.664253  -1.063099  -1.771330   0.262168   0.231915    3.998453    2.706131
103  0.052294    7.895777  0.668171  -1.014350  -1.728250   0.268167   0.236736    4.113722    2.798770
104  0.052792    8.006129  0.672090  -0.965428  -1.685107   0.274269   0.241621    4.229848    2.891745
105  0.053290    8.118970  0.676006  -0.916332  -1.641901   0.280474   0.246571    4.346840    2.985064
106  0.053788    8.234210  0.679913  -0.867057  -1.598628   0.286785   0.251586    4.464707    3.078740
107  0.054286    8.351753  0.683804  -0.817602  -1.555289   0.293202   0.256668    4.583458    3.172787
108  0.054784    8.471479  0.687673  -0.767962  -1.511880   0.299727   0.261818    4.703101    3.267221
109  0.055282    8.593282  0.691516  -0.718134  -1.468402   0.306361   0.267037    4.823644    3.362055
110  0.055780    8.717037  0.695327  -0.668116  -1.424851   0.313105   0.272327    4.945097    3.457307
111  0.056278    8.842623  0.699101  -0.617904  -1.381226   0.319961   0.277688    5.067468    3.552993
112  0.056776    8.969920  0.702835  -0.567496  -1.337525   0.326931   0.283122    5.190766    3.649131
113  0.057274    9.098795  0.706523  -0.516888  -1.293746   0.334016   0.288631    5.314999    3.745738
114  0.057772    9.229157  0.710164  -0.466078  -1.249887   0.341216   0.294216    5.440177    3.842830
115  0.058270    9.360874  0.713754  -0.415062  -1.205946   0.348534   0.299879    5.566307    3.940424
116  0.058768    9.493860  0.717290  -0.363839  -1.161920   0.355972   0.305620    5.693399    4.038537
117  0.059266    9.628020  0.720772  -0.312403  -1.117808   0.363530   0.311442    5.821462    4.137184
118  0.059764    9.763273  0.724198  -0.260754  -1.073606   0.371210   0.317346    5.950503    4.236380
119  0.060262    9.899546  0.727568  -0.208888  -1.029313   0.379013   0.323333    6.080532    4.336139
120  0.060760   10.036775  0.730880  -0.156803  -0.984926   0.386942   0.329404    6.211558    4.436475
121  0.061258   10.174910  0.734135  -0.104495  -0.940443   0.394997   0.335562    6.343590    4.537402
122  0.061756   10.313908  0.737332  -0.051962  -0.895861   0.403180   0.341807    6.476635    4.638931
123  0.062254   10.453746  0.740474   0.000799  -0.851177   0.411493   0.348140    6.610703    4.741072
124  0.062752   10.594392  0.743559   0.053791  -0.806389   0.419937   0.354563    6.745803    4.843839
125  0.063250   10.735825  0.746590   0.107016  -0.761496   0.428514   0.361078    6.881943    4.947240
126  0.063748   10.878055  0.749568   0.160476  -0.716493   0.437226   0.367684    7.019133    5.051284
127  0.064246   11.021072  0.752493   0.214176  -0.671379   0.446073   0.374385    7.157380    5.155982
128  0.064744   11.164887  0.755367   0.268117  -0.626151   0.455058   0.381180    7.296695    5.261341
129  0.065242   11.309518  0.758192   0.322302  -0.580807   0.464183   0.388071    7.437086    5.367368
130  0.065740   11.454976  0.760968   0.376734  -0.535344   0.473448   0.395059    7.578562    5.474073
131  0.066238   11.601300  0.763698   0.431415  -0.489760   0.482856   0.402145    7.721131    5.581460
132  0.066736   11.748520  0.766383   0.486348  -0.444052   0.492409   0.409331    7.864803    5.689537
133  0.067234   11.896664  0.769025   0.541536  -0.398218   0.502107   0.416617    8.009587    5.798311
134  0.067732   12.045791  0.771626   0.596980  -0.352256   0.511953   0.424005    8.155492    5.907785
135  0.068230   12.195938  0.774186   0.652685  -0.306164   0.521949   0.431495    8.302526    6.017967
136  0.068728   12.347162  0.776707   0.708651  -0.259938   0.532095   0.439089    8.450699    6.128860
137  0.069226   12.499523  0.779192   0.764882  -0.213577   0.542395   0.446788    8.600019    6.240469
138  0.069724   12.653081  0.781642   0.821381  -0.167079   0.552850   0.454592    8.750497    6.352799
139  0.070222   12.807892  0.784057   0.878150  -0.120441   0.563461   0.462503    8.902141    6.465854
140  0.070720   12.964042  0.786441   0.935191  -0.073661   0.574230   0.470521    9.054959    6.579637
141  0.071218   13.121590  0.788793   0.992507  -0.026737   0.585159   0.478648    9.208962    6.694152
142  0.071716   13.280640  0.791116   1.050101   0.020333   0.596251   0.486885    9.364159    6.809402
143  0.072214   13.441271  0.793412   1.107975   0.067551   0.607506   0.495232    9.520558    6.925388
144  0.072712   13.603565  0.795681   1.166131   0.114919   0.618927   0.503690    9.678169    7.042114
145  0.073210   13.767620  0.797925   1.224572   0.162440   0.630516   0.512261    9.837001    7.159581
146  0.073708   13.933542  0.800145   1.283301   0.210114   0.642274   0.520944    9.997063    7.277792
147  0.074206   14.101448  0.802343   1.342320   0.257944   0.654203   0.529742   10.158366    7.396746
148  0.074704   14.271446  0.804519   1.401632   0.305932   0.666306   0.538654   10.320917    7.516445
149  0.075202   14.443651  0.806677   1.461239   0.354080   0.678584   0.547682   10.484727    7.636890
150  0.075700   14.618205  0.808815   1.521143   0.402389   0.691040   0.556826   10.649805    7.758080
151  0.076198   14.795241  0.810937   1.581347   0.450861   0.703674   0.566087   10.816160    7.880015
152  0.076696   14.974908  0.813043   1.641854   0.499497   0.716490   0.575465   10.983802    8.002693
153  0.077194   15.157362  0.815134   1.702665   0.548300   0.729489   0.584962   11.152741    8.126112
154  0.077692   15.342772  0.817212   1.763785   0.597271   0.742673   0.594577   11.322985    8.250271
155  0.078190   15.531316  0.819279   1.825214   0.646411   0.756045   0.604311   11.494544    8.375166
156  0.078688   15.723175  0.821334   1.886955   0.695722   0.769606   0.614166   11.667428    8.500795
157  0.079186   15.918575  0.823380   1.949012   0.745205   0.783358   0.624140   11.841647    8.627151
158  0.079684   16.117715  0.825418   2.011386   0.794861   0.797304   0.634234   12.017210    8.754231
159  0.080182   16.320843  0.827449   2.074079   0.844693   0.811446   0.644450   12.194127    8.882027
160  0.080680   16.528200  0.829474   2.137095   0.894700   0.825785   0.654786   12.372407    9.010534
161  0.081178   16.740067  0.831495   2.200436   0.944883   0.840324   0.665242   12.552061    9.139742
162  0.081676   16.956739  0.833513   2.264103   0.995245   0.855066   0.675820   12.733098    9.269643
163  0.082174   17.178528  0.835529   2.328101   1.045786   0.870011   0.686518   12.915528    9.400225
164  0.082672   17.405775  0.837546   2.392430   1.096507   0.885163   0.697336   13.099360    9.531477
165  0.083170   17.638844  0.839563   2.457095   1.147408   0.900524   0.708274   13.284605    9.663386
166  0.083668   17.878167  0.841583   2.522096   1.198490   0.916096   0.719331   13.471272    9.795935
167  0.084166   18.124149  0.843608   2.587437   1.249753   0.931880   0.730507   13.659371    9.929110
168  0.084664   18.377280  0.845638   2.653119   1.301199   0.947881   0.741800   13.848913   10.062889
169  0.085162   18.638097  0.847675   2.719146   1.352827   0.964099   0.753209   14.039907   10.197253
170  0.085660   18.907143  0.849722   2.785520   1.404638   0.980537   0.764733   14.232364   10.332177
171  0.086158   19.185039  0.851779   2.852244   1.456631   0.997197   0.776370   14.426293   10.467636
172  0.086656   19.472496  0.853848   2.919319   1.508806   1.014082   0.788118   14.621704   10.603600
173  0.087154   19.770218  0.855932   2.986749   1.561164   1.031194   0.799976   14.818608   10.740038
174  0.087652   20.079060  0.858032   3.054535   1.613703   1.048535   0.811939   15.017015   10.876913
175  0.088150   20.399882  0.860149   3.122680   1.666423   1.066109   0.824006   15.216935   11.014188
176  0.088648   20.733699  0.862287   3.191188   1.719322   1.083916   0.836172   15.418378   11.151817
177  0.089146   21.081591  0.864446   3.260059   1.772400   1.101960   0.848434   15.621354   11.289754
178  0.089644   21.444746  0.866629   3.329297   1.825656   1.120243   0.860788   15.825875   11.427946
179  0.090142   21.824482  0.868838   3.398905   1.879087   1.138768   0.873228   16.031949   11.566334
180  0.090640   22.222201  0.871075   3.468884   1.932692   1.157537   0.885749   16.239588   11.704859
181  0.091138   22.639486  0.873341   3.539237   1.986468   1.176552   0.898346   16.448801   11.843451
182  0.091636   23.078048  0.875639   3.609966   2.040413   1.195816   0.911011   16.659600   11.982037
183  0.092134   23.539730  0.877970   3.681075   2.094523   1.215332   0.923737   16.871995   12.120540
184  0.092632   24.026504  0.880335   3.752566   2.148796   1.235102   0.936517   17.085996   12.258878
185  0.093130   24.540477  0.882734   3.824440   2.203228   1.255129   0.949343   17.301614   12.396966
186  0.093628   25.083901  0.885169   3.896701   2.257814   1.275415   0.962206   17.518859   12.534716
187  0.094126   25.658965  0.887638   3.969351   2.312551   1.295964   0.975098   17.737742   12.672045
188  0.094624   26.268018  0.890140   4.042393   2.367432   1.316776   0.988011   17.958274   12.808869
189  0.095122   26.913259  0.892673   4.115829   2.422454   1.337856   1.000937   18.180465   12.945117
190  0.095620   27.596828  0.895231   4.189661   2.477611   1.359206   1.013870   18.404326   13.080723
191  0.096118   28.320403  0.897810   4.263893   2.532897   1.380829   1.026805   18.629868   13.215652
192  0.096616   29.085465  0.900402   4.338526   2.588306   1.402727   1.039740   18.857102   13.349882
193  0.097114   29.892711  0.902998   4.413564   2.643834   1.424903   1.052676   19.086038   13.483430
194  0.097612   30.742337  0.905589   4.489008   2.699475   1.447359   1.065617   19.316687   13.616341
195  0.098110   31.633740  0.908162   4.564861   2.755225   1.470100   1.078570   19.549060   13.748699
196  0.098608   32.565579  0.910707   4.641126   2.811078   1.493127   1.091545   19.783169   13.880618
197  0.099106   33.535689  0.913211   4.717806   2.867033   1.516442   1.104558   20.019024   14.012247
198  0.099604   34.541213  0.915662   4.794902   2.923085   1.540050   1.117624   20.256635   14.143761
199  0.100102   35.579113  0.918051   4.872418   2.979235   1.563953   1.130762   20.496015   14.275334
200  0.100600   36.645680  0.920369   4.950355   3.035480   1.588154   1.143991   20.737175   14.407162
201  0.101098   37.737460  0.922610   5.028717   3.091821   1.612655   1.157329   20.980124   14.539421
202  0.101596   38.850711  0.924769   5.107507   3.148260   1.637460   1.170795   21.224875   14.672291
203  0.102094   39.982439  0.926844   5.186726   3.204798   1.662572   1.184404   21.471439   14.805911
204  0.102592   41.129444  0.928833   5.266377   3.261438   1.687992   1.198170   21.719827   14.940424
205  0.103090   42.289220  0.930737   5.346462   3.318183   1.713726   1.212107   21.970049   15.075936
206  0.103588   43.459510  0.932559   5.426986   3.375037   1.739774   1.226223   22.222119   15.212541
207  0.104086   44.638366  0.934299   5.507949   3.432002   1.766141   1.240529   22.476046   15.350314
208  0.104584   45.824382  0.935961   5.589354   3.489084   1.792830   1.255032   22.731842   15.489310
209  0.105082   47.016333  0.937550   5.671205   3.546287   1.819843   1.269736   22.989519   15.629571
210  0.105580   48.213222  0.939067   5.753504   3.603615   1.847184   1.284646   23.249088   15.771132
211  0.106078   49.414171  0.940517   5.836252   3.661072   1.874855   1.299768   23.510561   15.914021
212  0.106576   50.618757  0.941904   5.919454   3.718663   1.902861   1.315104   23.773949   16.058250
213  0.107074   51.826731  0.943232   6.003111   3.776393   1.931203   1.330655   24.039263   16.203826
214  0.107572   53.037522  0.944503   6.087227   3.834265   1.959885   1.346425   24.306516   16.350764
215  0.108070   54.251092  0.945721   6.171803   3.892283   1.988911   1.362415   24.575718   16.499063
216  0.108568   55.467230  0.946889   6.256843   3.950453   2.018283   1.378626   24.846883   16.648729
217  0.109066   56.686168  0.948011   6.342349   4.008778   2.048006   1.395060   25.120020   16.799751
218  0.109564   57.907700  0.949088   6.428323   4.067263   2.078081   1.411718   25.395143   16.952136
219  0.110062   59.131893  0.950124   6.514769   4.125911   2.108512   1.428601   25.672262   17.105881
220  0.110560   60.358995  0.951121   6.601689   4.184726   2.139303   1.445710   25.951390   17.260976
221  0.111058   61.588939  0.952081   6.689085   4.243712   2.170457   1.463046   26.232538   17.417426
222  0.111556   62.821867  0.953006   6.776961   4.302872   2.201977   1.480611   26.515719   17.575226
223  0.112054   64.058160  0.953899   6.865319   4.362212   2.233867   1.498403   26.800944   17.734365
224  0.112552   65.297557  0.954760   6.954161   4.421733   2.266129   1.516427   27.088226   17.894854
225  0.113050   66.540531  0.955592   7.043491   4.481440   2.298768   1.534681   27.377576   18.056680
226  0.113548   67.787125  0.956397   7.133310   4.541336   2.331787   1.553167   27.669006   18.219844
227  0.114046   69.037471  0.957175   7.223623   4.601424   2.365189   1.571887   27.962529   18.384346
228  0.114544   70.291878  0.957928   7.314431   4.661707   2.398978   1.590841   28.258157   18.550180
229  0.115042   71.550331  0.958657   7.405737   4.722190   2.433157   1.610031   28.555901   18.717349
230  0.115540   72.812957  0.959364   7.497544   4.782874   2.467730   1.629458   28.855774   18.885854
231  0.116038   74.080156  0.960050   7.589854   4.843764   2.502700   1.649123   29.157789   19.055688
232  0.116536   75.351847  0.960715   7.682671   4.904862   2.538071   1.669028   29.461957   19.226857
233  0.117034   76.628357  0.961361   7.775996   4.966171   2.573846   1.689174   29.768291   19.399358
234  0.117532   77.909634  0.961988   7.869834   5.027694   2.610030   1.709562   30.076804   19.573196
235  0.118030   79.195914  0.962598   7.964185   5.089435   2.646625   1.730194   30.387507   19.748370
236  0.118528   80.487442  0.963190   8.059054   5.151395   2.683635   1.751072   30.700413   19.924879
237  0.119026   81.784232  0.963767   8.154443   5.213578   2.721064   1.772196   31.015534   20.102729
238  0.119524   83.086449  0.964328   8.250355   5.275987   2.758916   1.793569   31.332884   20.281920
239  0.120022   84.394320  0.964874   8.346792   5.338625   2.797195   1.815192   31.652474   20.462453
240  0.120520   85.707702  0.965406   8.443758   5.401493   2.835903   1.837067   31.974317   20.644336
241  0.121018   87.027027  0.965924   8.541254   5.464595   2.875045   1.859196   32.298427   20.827567
242  0.121516   88.352191  0.966429   8.639285   5.527934   2.914626   1.881580   32.624814   21.012152
243  0.122014   89.683593  0.966922   8.737851   5.591512   2.954647   1.904221   32.953493   21.198091
244  0.122512   91.020897  0.967403   8.836958   5.655331   2.995114   1.927122   33.284476   21.385395
245  0.123010   92.364690  0.967872   8.936606   5.719395   3.036031   1.950282   33.617776   21.574059
246  0.123508   93.714806  0.968330   9.036800   5.783706   3.077400   1.973706   33.953405   21.764093
247  0.124006   95.071347  0.968777   9.137541   5.848266   3.119227   1.997394   34.291377   21.955502
248  0.124504   96.434694  0.969213   9.238833   5.913078   3.161514   2.021348   34.631704   22.148283
249  0.125002   97.804643  0.969640   9.340678   5.978144   3.204266   2.045571   34.974399   22.342449
250  0.125500   99.181288  0.970057   9.443080   6.043467   3.247488   2.070064   35.319476   22.538004
251  0.125998  100.564890  0.970465   9.546041   6.109050   3.291182   2.094830   35.666947   22.734950
252  0.126496  101.955659  0.970864   9.649564   6.174894   3.335353   2.119870   36.016825   22.933290
253  0.126994  103.353379  0.971254   9.753652   6.241002   3.380005   2.145187   36.369123   23.133035
254  0.127492  104.758342  0.971636   9.858307   6.307377   3.425142   2.170782   36.723855   23.334187
255  0.127990  106.170444  0.972010   9.963533   6.374021   3.470769   2.196658   37.081034   23.536755
256  0.128488  107.590139  0.972376  10.069333   6.440936   3.516889   2.222817   37.440673   23.740738
257  0.128986  109.017178  0.972734  10.175708   6.508124   3.563506   2.249261   37.802785   23.946149
258  0.129484  110.451751  0.973085  10.282663   6.575589   3.610625   2.275992   38.167384   24.152991
259  0.129982  111.894029  0.973429  10.390201   6.643332   3.658250   2.303013   38.534482   24.361268
260  0.130480  113.343985  0.973765  10.498323   6.711355   3.706385   2.330325   38.904093   24.570989
261  0.130978  114.801510  0.974096  10.607033   6.779662   3.755034   2.357932   39.276231   24.782164
262  0.131476  116.267181  0.974419  10.716334   6.848253   3.804202   2.385834   39.650910   24.994790
263  0.131974  117.740802  0.974737  10.826228   6.917132   3.853893   2.414035   40.028141   25.208878
264  0.132472  119.222290  0.975048  10.936720   6.986300   3.904111   2.442537   40.407940   25.424438
265  0.132970  120.711927  0.975353  11.047811   7.055761   3.954861   2.471342   40.790319   25.641473
266  0.133468  122.209689  0.975653  11.159504   7.125516   4.006147   2.500453   41.175293   25.859991
267  0.133966  123.715853  0.975947  11.271804   7.195567   4.057974   2.529871   41.562874   26.079995
268  0.134464  125.230349  0.976235  11.384711   7.265917   4.110345   2.559600   41.953077   26.301496
269  0.134962  126.753346  0.976519  11.498230   7.336568   4.163265   2.589641   42.345915   26.524497
270  0.135460  128.284574  0.976797  11.612364   7.407522   4.216740   2.619998   42.741402   26.749013
271  0.135958  129.824392  0.977070  11.727114   7.478781   4.270772   2.650673   43.139552   26.975045
272  0.136456  131.372972  0.977338  11.842486   7.550348   4.325368   2.681667   43.540379   27.202598
273  0.136954  132.930152  0.977602  11.958480   7.622225   4.380531   2.712985   43.943896   27.431684
274  0.137452  134.495972  0.977860  12.075101   7.694414   4.436266   2.744627   44.350118   27.662310
275  0.137950  136.070658  0.978115  12.192351   7.766916   4.492577   2.776598   44.759058   27.894482
276  0.138448  137.654410  0.978365  12.310234   7.839735   4.549470   2.808898   45.170731   28.128204
277  0.138946  139.246968  0.978610  12.428752   7.912873   4.606949   2.841531   45.585150   28.363489
278  0.139444  140.848553  0.978852  12.547908   7.986331   4.665018   2.874500   46.002329   28.600342
279  0.139942  142.459337  0.979089  12.667706   8.060113   4.723683   2.907807   46.422283   28.838769
280  0.140440  144.079106  0.979323  12.788148   8.134219   4.782948   2.941455   46.845026   29.078783
281  0.140938  145.708179  0.979552  12.909238   8.208652   4.842818   2.975445   47.270572   29.320385
282  0.141436  147.346630  0.979778  13.030979   8.283415   4.903297   3.009782   47.698935   29.563586
283  0.141934  148.994156  0.980000  13.153373   8.358509   4.964391   3.044468   48.130129   29.808396
284  0.142432  150.651677  0.980219  13.276424   8.433937   5.026104   3.079505   48.564170   30.054812
285  0.142930  152.318156  0.980434  13.400135   8.509700   5.088442   3.114896   49.001070   30.302858
286  0.143428  153.994327  0.980645  13.524508   8.585802   5.151408   3.150644   49.440845   30.552532
287  0.143926  155.680017  0.980853  13.649548   8.662243   5.215009   3.186752   49.883509   30.803845
288  0.144424  157.375580  0.981058  13.775256   8.739027   5.279249   3.223222   50.329077   31.056800
289  0.144922  159.080700  0.981260  13.901637   8.816156   5.344133   3.260058   50.777562   31.311412
290  0.145420  160.795812  0.981459  14.028693   8.893630   5.409666   3.297261   51.228980   31.567682
291  0.145918  162.520435  0.981654  14.156428   8.971454   5.475853   3.334835   51.683345   31.825628
292  0.146416  164.255104  0.981847  14.284844   9.049628   5.542699   3.372784   52.140671   32.085249
293  0.146914  165.999824  0.982037  14.413944   9.128155   5.610209   3.411108   52.600974   32.346556
294  0.147412  167.754498  0.982223  14.543733   9.207037   5.678389   3.449812   53.064268   32.609558
295  0.147910  169.519199  0.982407  14.674212   9.286277   5.747244   3.488899   53.530568   32.874264
296  0.148408  171.294243  0.982589  14.805386   9.365875   5.816778   3.528371   53.999889   33.140678
297  0.148906  173.079427  0.982767  14.937256   9.445836   5.886997   3.568231   54.472245   33.408813
298  0.149404  174.874675  0.982943  15.069828   9.526159   5.957906   3.608483   54.947651   33.678678
299  0.149902  176.680337  0.983116  15.203103   9.606849   6.029511   3.649129   55.426122   33.950277
300  0.150400  178.496859  0.983287  15.337084   9.687906   6.101817   3.690171   55.907674   34.223616
301  0.150898  180.323404  0.983455  15.471776   9.769333   6.174828   3.731614   56.392320   34.498712
302  0.151396  182.160407  0.983621  15.607181   9.851133   6.248551   3.773460   56.880077   34.775571
303  0.151894  184.007952  0.983785  15.743302   9.933306   6.322991   3.815713   57.370959   35.054200
304  0.152392  185.866232  0.983946  15.880143  10.015856   6.398154   3.858375   57.864982   35.334606
305  0.152890  187.735165  0.984105  16.017707  10.098785   6.474043   3.901449   58.362159   35.616799
306  0.153388  189.614847  0.984262  16.155996  10.182094   6.550666   3.944939   58.862508   35.900788
307  0.153886  191.505397  0.984416  16.295015  10.265785   6.628028   3.988848   59.366042   36.186581
308  0.154384  193.406734  0.984569  16.434767  10.349862   6.706134   4.033178   59.872778   36.474188
309  0.154882  195.318934  0.984719  16.575254  10.434326   6.784989   4.077933   60.382729   36.763616
310  0.155380  197.242090  0.984867  16.716481  10.519179   6.864600   4.123117   60.895913   37.054876
311  0.155878  199.176293  0.985014  16.858450  10.604423   6.944972   4.168731   61.412344   37.347975
312  0.156376  201.121580  0.985158  17.001164  10.690060   7.026110   4.214781   61.932037   37.642922
313  0.156874  203.078462  0.985300  17.144627  10.776093   7.108021   4.261267   62.455008   37.939720
314  0.157372  205.045761  0.985440  17.288843  10.862524   7.190709   4.308195   62.981273   38.238394
315  0.157870  207.024356  0.985579  17.433814  10.949355   7.274181   4.355568   63.510847   38.538942
316  0.158368  209.014539  0.985716  17.579543  11.036587   7.358443   4.403388   64.043746   38.841370
317  0.158866  211.016276  0.985850  17.726035  11.124224   7.443500   4.451658   64.579984   39.145689
318  0.159364  213.029252  0.985984  17.873292  11.212267   7.529357   4.500383   65.119579   39.451911
319  0.159862  215.053535  0.986115  18.021318  11.300718   7.616022   4.549565   65.662546   39.760046
320  0.160360  217.089791  0.986244  18.170116  11.389580   7.703499   4.599208   66.208899   40.070096
321  0.160858  219.137449  0.986372  18.319689  11.478854   7.791795   4.649315   66.758656   40.382077
322  0.161356  221.196773  0.986499  18.470041  11.568543   7.880916   4.699889   67.311832   40.695996
323  0.161854  223.267769  0.986623  18.621176  11.658649   7.970867   4.750935   67.868442   41.011862
324  0.162352  225.350069  0.986746  18.773095  11.749175   8.061655   4.802456   68.428504   41.329689
325  0.162850  227.444583  0.986868  18.925804  11.840121   8.153285   4.854454   68.992031   41.649477
326  0.163348  229.551191  0.986988  19.079304  11.931491   8.245764   4.906933   69.559042   41.971238
327  0.163846  231.669328  0.987106  19.233600  12.023287   8.339098   4.959897   70.129551   42.294986
328  0.164344  233.799387  0.987223  19.388696  12.115510   8.433293   5.013350   70.703575   42.620729
329  0.164842  235.941976  0.987339  19.544593  12.208163   8.528354   5.067293   71.281130   42.948468
330  0.165340  238.096421  0.987453  19.701297  12.301248   8.624289   5.121733   71.862231   43.278222
331  0.165838  240.263113  0.987566  19.858809  12.394767   8.721103   5.176671   72.446896   43.609995
332  0.166336  242.441774  0.987677  20.017135  12.488723   8.818803   5.232112   73.035140   43.943802
333  0.166834  244.632963  0.987787  20.176276  12.583117   8.917395   5.288059   73.626979   44.279646
334  0.167332  246.836139  0.987895  20.336237  12.677952   9.016885   5.344515   74.222431   44.617542
335  0.167830  249.052117  0.988003  20.497021  12.773230   9.117279   5.401485   74.821510   44.957493
336  0.168328  251.280464  0.988109  20.658631  12.868953   9.218585   5.458971   75.424235   45.299512
337  0.168826  253.520973  0.988213  20.821071  12.965123   9.320807   5.516979   76.030620   45.643612
338  0.169324  255.774178  0.988317  20.984344  13.061743   9.423954   5.575510   76.640682   45.989798
339  0.169822  258.039915  0.988419  21.148454  13.158814   9.528030   5.634570   77.254439   46.338082
340  0.170320  260.318695  0.988520  21.313405  13.256339   9.633044   5.694160   77.871906   46.688468
341  0.170818  262.609908  0.988620  21.479199  13.354319   9.739000   5.754287   78.493100   47.040972
342  0.171316  264.913824  0.988718  21.645841  13.452758   9.845907   5.814952   79.118038   47.395603
343  0.171814  267.230822  0.988816  21.813333  13.551658   9.953770   5.876160   79.746736   47.752366
344  0.172312  269.560928  0.988912  21.981680  13.651019  10.062595   5.937915   80.379211   48.111272
345  0.172810  271.903227  0.989007  22.150885  13.750846  10.172391   6.000221   81.015480   48.472339
346  0.173308  274.259078  0.989101  22.320951  13.851139  10.283162   6.063081   81.655559   48.835566
347  0.173806  276.627725  0.989194  22.491882  13.951902  10.394917   6.126499   82.299466   49.200969
348  0.174304  279.009590  0.989286  22.663681  14.053136  10.507661   6.190480   82.947217   49.568554
349  0.174802  281.404567  0.989377  22.836352  14.154843  10.621402   6.255026   83.598829   49.938334
350  0.175300  283.812733  0.989467  23.009899  14.257027  10.736147   6.320142   84.254319   50.310317
351  0.175798  286.234228  0.989556  23.184325  14.359688  10.851901   6.385832   84.913704   50.684513
352  0.176296  288.669257  0.989643  23.359634  14.462829  10.968673   6.452099   85.577001   51.060931
353  0.176794  291.117929  0.989730  23.535829  14.566453  11.086469   6.518947   86.244227   51.439579
354  0.177292  293.579295  0.989816  23.712914  14.670561  11.205295   6.586383   86.915400   51.820476
355  0.177790  296.054530  0.989901  23.890892  14.775156  11.325160   6.654407   87.590535   52.203624
356  0.178288  298.543471  0.989985  24.069768  14.880240  11.446069   6.723025   88.269652   52.589032
357  0.178786  301.045888  0.990068  24.249544  14.985816  11.568030   6.792241   88.952765   52.976715
358  0.179284  303.562429  0.990150  24.430224  15.091885  11.691050   6.862058   89.639894   53.366677
359  0.179782  306.091981  0.990231  24.611813  15.198449  11.815137   6.932482   90.331055   53.758938
360  0.180280  308.635675  0.990311  24.794313  15.305512  11.940296   7.003515   91.026266   54.153498
361  0.180778  311.193453  0.990391  24.977728  15.413075  12.066536   7.075162   91.725543   54.550370
362  0.181276  313.764638  0.990469  25.162063  15.521141  12.193864   7.147428   92.428905   54.949569
363  0.181774  316.350148  0.990547  25.347320  15.629711  12.322287   7.220315   93.136369   55.351098
364  0.182272  318.949588  0.990624  25.533503  15.738788  12.451811   7.293830   93.847952   55.754971
365  0.182770  321.562990  0.990700  25.720616  15.848374  12.582445   7.367975   94.563672   56.161198
366  0.183268  324.191105  0.990775  25.908662  15.958472  12.714196   7.442754   95.283546   56.569785
367  0.183766  326.832581  0.990849  26.097646  16.069084  12.847071   7.518174   96.007592   56.980753
368  0.184264  329.488681  0.990923  26.287571  16.180212  12.981078   7.594236   96.735828   57.394101
369  0.184762  332.159574  0.990995  26.478440  16.291858  13.116223   7.670946   97.468271   57.809840
370  0.185260  334.844208  0.991067  26.670258  16.404024  13.252515   7.748308   98.204940   58.227989
371  0.185758  337.543389  0.991139  26.863028  16.516714  13.389961   7.826326   98.945851   58.648553
372  0.186256  340.257506  0.991209  27.056754  16.629928  13.528568   7.905004   99.691023   59.071538
373  0.186754  342.985334  0.991279  27.251440  16.743670  13.668345   7.984349  100.440474   59.496965
374  0.187252  345.728405  0.991348  27.447089  16.857942  13.809298   8.064362  101.194221   59.924833
375  0.187750  348.485694  0.991416  27.643705  16.972745  13.951436   8.145049  101.952283   60.355162
376  0.188248  351.257910  0.991484  27.841292  17.088083  14.094765   8.226414  102.714677   60.787956
377  0.188746  354.045246  0.991550  28.039853  17.203957  14.239294   8.308461  103.481421   61.223225
378  0.189244  356.847527  0.991617  28.239393  17.320370  14.385031   8.391194  104.252534   61.660981
379  0.189742  359.663945  0.991682  28.439915  17.437325  14.531983   8.474621  105.028033   62.101241
380  0.190240  362.495372  0.991747  28.641423  17.554823  14.680158   8.558743  105.807937   62.544009
381  0.190738  365.343165  0.991811  28.843921  17.672866  14.829563   8.643564  106.592264   62.989288
382  0.191236  368.204437  0.991874  29.047412  17.791458  14.980208   8.729092  107.381032   63.437108
383  0.191734  371.081987  0.991937  29.251901  17.910600  15.132099   8.815327  108.174259   63.887461
384  0.192232  373.972946  0.991999  29.457391  18.030294  15.285245   8.902280  108.971964   64.340377
385  0.192730  376.880913  0.992061  29.663887  18.150544  15.439654   8.989949  109.774164   64.795843
386  0.193228  379.803287  0.992122  29.871391  18.271351  15.595333   9.078342  110.580879   65.253888
387  0.193726  382.741924  0.992182  30.079908  18.392718  15.752291   9.167462  111.392127   65.714511
388  0.194224  385.695010  0.992242  30.289441  18.514646  15.910536   9.257315  112.207926   66.177734
389  0.194722  388.664654  0.992301  30.499995  18.637140  16.070076   9.347905  113.028295   66.643554
390  0.195220  391.648296  0.992360  30.711573  18.760199  16.230918   9.439239  113.853252   67.112001
391  0.195718  394.648627  0.992418  30.924180  18.883828  16.393073   9.531318  114.682816   67.583066
392  0.196216  397.664847  0.992475  31.137818  19.008028  16.556546   9.624147  115.517005   68.056768
393  0.196714  400.696496  0.992532  31.352493  19.132802  16.721348   9.717734  116.355838   68.533119
394  0.197212  403.743601  0.992588  31.568208  19.258152  16.887486   9.812082  117.199334   69.012132
395  0.197710  406.807084  0.992644  31.784966  19.384081  17.054968   9.907195  118.047512   69.493810
396  0.198208  409.886501  0.992699  32.002772  19.510590  17.223803  10.003078  118.900389   69.978169
397  0.198706  412.981524  0.992753  32.221630  19.637682  17.393999  10.099737  119.757986   70.465222
398  0.199204  416.092182  0.992807  32.441543  19.765360  17.565565  10.197177  120.620321   70.954980
399  0.199702  419.219704  0.992861  32.662516  19.893626  17.738510  10.295401  121.487413   71.447446
400  0.200200  422.362785  0.992914  32.884553  20.022482  17.912841  10.394416  122.359281   71.942641
401  0.200698  425.522369  0.992966  33.107657  20.151931  18.088567  10.494225  123.235943   72.440569
402  0.201196  428.698097  0.993018  33.331832  20.281975  18.265697  10.594834  124.117419   72.941244
403  0.201694  431.890153  0.993070  33.557083  20.412616  18.444240  10.696249  125.003728   73.444677
404  0.202192  435.099204  0.993121  33.783413  20.543857  18.624204  10.798472  125.894889   73.950875
405  0.202690  438.323717  0.993171  34.010826  20.675700  18.805597  10.901511  126.790921   74.459859
406  0.203188  441.565055  0.993221  34.239327  20.808148  18.988430  11.005370  127.691843   74.971632
407  0.203686  444.822541  0.993271  34.468919  20.941203  19.172710  11.110054  128.597675   75.486209
408  0.204184  448.097590  0.993320  34.699607  21.074868  19.358446  11.215567  129.508436   76.003594
409  0.204682  451.388981  0.993369  34.931393  21.209144  19.545647  11.321915  130.424144   76.523805
410  0.205180  454.696708  0.993417  35.164284  21.344034  19.734323  11.429105  131.344820   77.046854
411  0.205678  458.021480  0.993464  35.398281  21.479541  19.924481  11.537139  132.270483   77.572749
412  0.206176  461.363692  0.993512  35.633391  21.615667  20.116131  11.646023  133.201152   78.101499
413  0.206674  464.722531  0.993558  35.869616  21.752415  20.309282  11.755763  134.136847   78.633120
414  0.207172  468.098016  0.993605  36.106960  21.889787  20.503943  11.866364  135.077587   79.167624
415  0.207670  471.490588  0.993651  36.345428  22.027785  20.700123  11.977831  136.023391   79.705019
416  0.208168  474.900709  0.993696  36.585024  22.166412  20.897831  12.090169  136.974280   80.245316
417  0.208666  478.326461  0.993741  36.825751  22.305670  21.097076  12.203386  137.930272   80.788536
418  0.209164  481.772452  0.993786  37.067615  22.445562  21.297868  12.317481  138.891388   81.334666
419  0.209662  485.234100  0.993830  37.310619  22.586090  21.500215  12.432464  139.857648   81.883742
420  0.210160  488.712614  0.993874  37.554766  22.727256  21.704128  12.548341  140.829070   82.435771
421  0.210658  492.208518  0.993917  37.800062  22.869064  21.909614  12.665116  141.805675   82.990760
422  0.211156  495.722699  0.993960  38.046511  23.011515  22.116685  12.782793  142.787483   83.548716
423  0.211654  499.254539  0.994003  38.294116  23.154612  22.325348  12.901379  143.774513   84.109656
424  0.212152  502.803644  0.994045  38.542881  23.298358  22.535614  13.020879  144.766785   84.673593
425  0.212650  506.369336  0.994087  38.792811  23.442754  22.747491  13.141300  145.764320   85.240543
426  0.213148  509.954310  0.994129  39.043911  23.587804  22.960990  13.262644  146.767137   85.810502
427  0.213646  513.556901  0.994170  39.296183  23.733510  23.176120  13.384918  147.775257   86.383492
428  0.214144  517.176627  0.994210  39.549632  23.879874  23.392890  13.508129  148.788698   86.959528
429  0.214642  520.815094  0.994251  39.804263  24.026899  23.611311  13.632281  149.807482   87.538612
430  0.215140  524.471355  0.994291  40.060080  24.174587  23.831391  13.757380  150.831629   88.120763
431  0.215638  528.144022  0.994330  40.317087  24.322941  24.053141  13.883434  151.861159   88.705998
432  0.216136  531.837141  0.994370  40.575287  24.471964  24.276569  14.010443  152.896091   89.294310
433  0.216634  535.547550  0.994409  40.834686  24.621657  24.501687  14.138416  153.936447   89.885726
434  0.217132  539.276207  0.994447  41.095287  24.772024  24.728503  14.267359  154.982246   90.480254
435  0.217630  543.023084  0.994486  41.357095  24.923066  24.957028  14.397278  156.033510   91.077906
436  0.218128  546.787191  0.994523  41.620114  25.074787  25.187271  14.528178  157.090257   91.678699
437  0.218626  550.571133  0.994561  41.884348  25.227189  25.419243  14.660063  158.152510   92.282632
438  0.219124  554.375385  0.994598  42.149801  25.380274  25.652953  14.792939  159.220287   92.889715
439  0.219622  558.195082  0.994635  42.416478  25.534045  25.888412  14.926816  160.293610   93.499985
440  0.220120  562.034471  0.994672  42.684383  25.688505  26.125628  15.061695  161.372500   94.113432
441  0.220618  565.893290  0.994708  42.953520  25.843656  26.364614  15.197583  162.456976   94.730070
442  0.221116  569.770901  0.994744  43.223893  25.999500  26.605377  15.334486  163.547060   95.349915
443  0.221614  573.665542  0.994780  43.495508  26.156040  26.847930  15.472413  164.642771   95.972987
444  0.222112  577.579644  0.994815  43.768367  26.313279  27.092281  15.611366  165.744132   96.599287
445  0.222610  581.513852  0.994850  44.042476  26.471219  27.338442  15.751350  166.851162   97.228824
446  0.223108  585.466891  0.994885  44.317838  26.629863  27.586422  15.892374  167.963883   97.861616
447  0.223606  589.437404  0.994919  44.594459  26.789213  27.836232  16.034444  169.082315   98.497683
448  0.224104  593.428051  0.994953  44.872341  26.949272  28.087881  16.177564  170.206478   99.137024
449  0.224602  597.440410  0.994987  45.151491  27.110043  28.341382  16.321738  171.336395   99.779645
450  0.225100  601.467775  0.995020  45.431911  27.271527  28.596743  16.466979  172.472086  100.425588
451  0.225598  605.516467  0.995054  45.713607  27.433728  28.853976  16.613287  173.613571  101.074837
452  0.226096  609.583759  0.995087  45.996582  27.596649  29.113091  16.760670  174.760872  101.727417
453  0.226594  613.671404  0.995119  46.280842  27.760291  29.374098  16.909134  175.914011  102.383333
454  0.227092  617.778862  0.995152  46.566390  27.924657  29.637009  17.058684  177.073007  103.042599
455  0.227590  621.905369  0.995184  46.853231  28.089750  29.901833  17.209328  178.237883  103.705232
456  0.228088  626.052449  0.995216  47.141369  28.255573  30.168582  17.361070  179.408659  104.371237
457  0.228586  630.217897  0.995247  47.430808  28.422128  30.437266  17.513918  180.585356  105.040637
458  0.229084  634.403608  0.995279  47.721554  28.589418  30.707895  17.667878  181.767997  105.713436
459  0.229582  638.609204  0.995310  48.013610  28.757445  30.980482  17.822956  182.956602  106.389647
460  0.230080  642.835028  0.995340  48.306981  28.926212  31.255036  17.979158  184.151192  107.069283
461  0.230578  647.080098  0.995371  48.601672  29.095722  31.531569  18.136490  185.351790  107.752361
462  0.231076  651.345848  0.995401  48.897686  29.265977  31.810091  18.294959  186.558415  108.438885
463  0.231574  655.632451  0.995431  49.195028  29.436979  32.090613  18.454570  187.771091  109.128870
464  0.232072  659.937688  0.995461  49.493703  29.608732  32.373147  18.615331  188.989838  109.822336
465  0.232570  664.263903  0.995491  49.793715  29.781239  32.657703  18.777248  190.214678  110.519287
466  0.233068  668.608308  0.995520  50.095069  29.954501  32.944293  18.940328  191.445632  111.219747
467  0.233566  672.977087  0.995549  50.397769  30.128521  33.232928  19.104573  192.682723  111.923703
468  0.234064  677.364763  0.995578  50.701819  30.303302  33.523618  19.269995  193.925971  112.631191
469  0.234562  681.772560  0.995606  51.007224  30.478847  33.816375  19.436598  195.175399  113.342218
470  0.235060  686.200892  0.995634  51.313989  30.655159  34.111211  19.604389  196.431028  114.056796
471  0.235558  690.649990  0.995663  51.622118  30.832239  34.408137  19.773374  197.692880  114.774936
472  0.236056  695.119751  0.995690  51.931615  31.010091  34.707163  19.943560  198.960977  115.496652
473  0.236554  699.610483  0.995718  52.242486  31.188717  35.008302  20.114953  200.235341  116.221956
474  0.237052  704.120399  0.995745  52.554734  31.368120  35.311565  20.287561  201.515994  116.950867
475  0.237550  708.654274  0.995773  52.868365  31.548303  35.616962  20.461387  202.802957  117.683379
476  0.238048  713.208128  0.995800  53.183382  31.729269  35.924507  20.636441  204.096253  118.419522
477  0.238546  717.782847  0.995826  53.499790  31.911019  36.234210  20.812730  205.395903  119.159305
478  0.239044  722.377488  0.995853  53.817594  32.093557  36.546083  20.990259  206.701930  119.902744
479  0.239542  726.994776  0.995879  54.136799  32.276885  36.860138  21.169035  208.014356  120.649842
480  0.240040  731.632965  0.995905  54.457409  32.461007  37.176386  21.349065  209.333203  121.400619
481  0.240538  736.290492  0.995931  54.779428  32.645924  37.494839  21.530357  210.658493  122.155094
482  0.241036  740.973552  0.995957  55.102861  32.831640  37.815508  21.712912  211.990249  122.913256
483  0.241534  745.675222  0.995982  55.427714  33.018157  38.138407  21.896745  213.328492  123.675145
484  0.242032  750.399412  0.996007  55.753989  33.205478  38.463545  22.081858  214.673246  124.440759
485  0.242530  755.145105  0.996033  56.081693  33.393605  38.790937  22.268258  216.024531  125.210115
486  0.243028  759.912603  0.996057  56.410830  33.582542  39.120592  22.455953  217.382372  125.983225
487  0.243526  764.701380  0.996082  56.741403  33.772291  39.452524  22.644950  218.746789  126.760105
488  0.244024  769.511560  0.996106  57.073419  33.962855  39.786744  22.835256  220.117807  127.540766
489  0.244522  774.344667  0.996131  57.406881  34.154237  40.123264  23.026877  221.495446  128.325218
490  0.245020  779.198663  0.996155  57.741795  34.346438  40.462097  23.219820  222.879730  129.113480
491  0.245518  784.074690  0.996179  58.078164  34.539463  40.803255  23.414094  224.270682  129.905561
492  0.246016  788.973629  0.996202  58.415994  34.733314  41.146749  23.609703  225.668323  130.701473
493  0.246514  793.894328  0.996226  58.755290  34.927993  41.492593  23.806655  227.072678  131.501231
494  0.247012  798.838032  0.996249  59.096055  35.123503  41.840798  24.004958  228.483767  132.304846
495  0.247510  803.803465  0.996272  59.438295  35.319848  42.191376  24.204619  229.901615  133.112335
496  0.248008  808.790940  0.996295  59.782015  35.517029  42.544341  24.405644  231.326243  133.923711
497  0.248506  813.801855  0.996318  60.127218  35.715050  42.899704  24.608041  232.757676  134.738981
498  0.249004  818.834950  0.996341  60.473911  35.913913  43.257479  24.811817  234.195935  135.558164
499  0.249502  823.889840  0.996363  60.822097  36.113621  43.617677  25.016980  235.641044  136.381275
500  0.250000  828.967071  0.996385  61.171781  36.314178  43.980311  25.223537  237.093025  137.208325
501  0.250498  834.066674  0.996407  61.522969  36.515585  44.345394  25.431495  238.551901  138.039328