      density       alpha     S_nem     F(iso)     F(nem)     P(iso)     P(nem)     mu(iso)     mu(nem)
0    0.001000    4.831418  0.507506  -7.869999  -8.491207   0.001038   0.001035   -6.831947   -7.456448
1    0.001498    4.847539  0.508720  -7.446845  -8.069703   0.001584   0.001577   -6.389399   -7.017260
2    0.001996    4.863937  0.509950  -7.140659  -7.765192   0.002150   0.002136   -6.063521   -6.694812
3    0.002494    4.880619  0.511195  -6.898596  -7.524827   0.002736   0.002715   -5.801465   -6.436257
4    0.002992    4.897588  0.512456  -6.697072  -7.325024   0.003343   0.003312   -5.579646   -6.218010
5    0.003490    4.914848  0.513733  -6.523492  -7.153189   0.003972   0.003929   -5.385467   -6.027476
6    0.003988    4.932406  0.515026  -6.370333  -7.001799   0.004622   0.004565   -5.211401   -5.857128
7    0.004486    4.950266  0.516334  -6.232739  -6.865998   0.005294   0.005221   -5.052591   -5.702110
8    0.004984    4.968432  0.517659  -6.107393  -6.742469   0.005989   0.005898   -4.905717   -5.559103
9    0.005482    4.986911  0.519000  -5.991927  -6.628845   0.006707   0.006595   -4.768410   -5.425740
10   0.005980    5.005708  0.520357  -5.884595  -6.523380   0.007449   0.007314   -4.638919   -5.300270
11   0.006478    5.024828  0.521730  -5.784067  -6.424743   0.008215   0.008055   -4.515914   -5.181365
12   0.006976    5.044277  0.523120  -5.689311  -6.331905   0.009006   0.008817   -4.398359   -5.067990
13   0.007474    5.064062  0.524526  -5.599507  -6.244044   0.009821   0.009602   -4.285434   -4.959324
14   0.007972    5.084188  0.525949  -5.513997  -6.160502   0.010663   0.010410   -4.176475   -4.854707
15   0.008470    5.104662  0.527388  -5.432238  -6.080739   0.011530   0.011241   -4.070939   -4.753597
16   0.008968    5.125490  0.528845  -5.353783  -6.004306   0.012424   0.012096   -3.968376   -4.655544
17   0.009466    5.146682  0.530318  -5.278258  -5.930829   0.013346   0.012975   -3.868408   -4.560172
18   0.009964    5.168241  0.531809  -5.205343  -5.859990   0.014295   0.013878   -3.770714   -4.467162
19   0.010462    5.190175  0.533316  -5.134769  -5.791518   0.015272   0.014807   -3.675021   -4.376241
20   0.010960    5.212494  0.534841  -5.066300  -5.725181   0.016278   0.015761   -3.581091   -4.287175
21   0.011458    5.235204  0.536384  -4.999736  -5.660775   0.017313   0.016740   -3.488721   -4.199760
22   0.011956    5.258313  0.537944  -4.934899  -5.598125   0.018378   0.017746   -3.397730   -4.113819
23   0.012454    5.281831  0.539521  -4.871633  -5.537076   0.019474   0.018779   -3.307961   -4.029194
24   0.012952    5.305764  0.541117  -4.809802  -5.477491   0.020601   0.019839   -3.219273   -3.945747
25   0.013450    5.330124  0.542731  -4.749284  -5.419248   0.021759   0.020927   -3.131541   -3.863356
26   0.013948    5.354919  0.544363  -4.689971  -5.362240   0.022949   0.022042   -3.044655   -3.781912
27   0.014446    5.380158  0.546013  -4.631765  -5.306369   0.024172   0.023187   -2.958515   -3.701315
28   0.014944    5.405852  0.547682  -4.574579  -5.251550   0.025428   0.024360   -2.873029   -3.621479
29   0.015442    5.432011  0.549369  -4.518333  -5.197702   0.026718   0.025562   -2.788116   -3.542321
30   0.015940    5.458647  0.551075  -4.462958  -5.144756   0.028043   0.026795   -2.703702   -3.463772
31   0.016438    5.485769  0.552800  -4.408387  -5.092646   0.029402   0.028058   -2.619718   -3.385763
32   0.016936    5.513386  0.554545  -4.354561  -5.041315   0.030797   0.029351   -2.536102   -3.308236
33   0.017434    5.541518  0.556309  -4.301427  -4.990708   0.032229   0.030676   -2.452797   -3.231136
34   0.017932    5.570173  0.558092  -4.248934  -4.940775   0.033698   0.032033   -2.369750   -3.154411
35   0.018430    5.599364  0.559895  -4.197036  -4.891473   0.035204   0.033422   -2.286912   -3.078015
36   0.018928    5.629106  0.561719  -4.145693  -4.842759   0.036748   0.034844   -2.204237   -3.001907
37   0.019426    5.659411  0.563562  -4.094863  -4.794594   0.038331   0.036298   -2.121684   -2.926045
38   0.019924    5.690294  0.565426  -4.044513  -4.746944   0.039954   0.037787   -2.039213   -2.850394
39   0.020422    5.721770  0.567310  -3.994608  -4.699775   0.041616   0.039309   -1.956788   -2.774919
40   0.020920    5.753855  0.569216  -3.945117  -4.653057   0.043320   0.040867   -1.874373   -2.699588
41   0.021418    5.786566  0.571142  -3.896011  -4.606761   0.045065   0.042459   -1.791936   -2.624374
42   0.021916    5.819918  0.573090  -3.847262  -4.560862   0.046852   0.044087   -1.709447   -2.549246
43   0.022414    5.853931  0.575059  -3.798847  -4.515333   0.048683   0.045750   -1.626878   -2.474182
44   0.022912    5.888621  0.577051  -3.750740  -4.470152   0.050556   0.047451   -1.544200   -2.399155
45   0.023410    5.924008  0.579064  -3.702920  -4.425298   0.052474   0.049188   -1.461388   -2.324144
46   0.023908    5.960111  0.581099  -3.655365  -4.380750   0.054437   0.050963   -1.378418   -2.249128
47   0.024406    5.996950  0.583158  -3.608056  -4.336489   0.056446   0.052776   -1.295266   -2.174087
48   0.024904    6.034547  0.585239  -3.560975  -4.292498   0.058501   0.054627   -1.211910   -2.099002
49   0.025402    6.072924  0.587343  -3.514103  -4.248758   0.060603   0.056517   -1.128328   -2.023857
50   0.025900    6.112102  0.589470  -3.467425  -4.205255   0.062754   0.058447   -1.044501   -1.948634
51   0.026398    6.152106  0.591621  -3.420923  -4.161974   0.064953   0.060416   -0.960409   -1.873318
52   0.026896    6.192959  0.593796  -3.374584  -4.118899   0.067201   0.062426   -0.876033   -1.797895
53   0.027394    6.234686  0.595995  -3.328393  -4.076019   0.069500   0.064476   -0.791356   -1.722350
54   0.027892    6.277314  0.598218  -3.282337  -4.033320   0.071849   0.066568   -0.706359   -1.646672
55   0.028390    6.320868  0.600466  -3.236403  -3.990790   0.074251   0.068702   -0.621027   -1.570848
56   0.028888    6.365376  0.602739  -3.190579  -3.948418   0.076704   0.070878   -0.535343   -1.494866
57   0.029386    6.410867  0.605036  -3.144852  -3.906193   0.079212   0.073097   -0.449292   -1.418717
58   0.029884    6.457368  0.607359  -3.099213  -3.864105   0.081773   0.075359   -0.362858   -1.342388
59   0.030382    6.504910  0.609707  -3.053649  -3.822144   0.084390   0.077665   -0.276027   -1.265872
60   0.030880    6.553523  0.612080  -3.008152  -3.780301   0.087062   0.080014   -0.188785   -1.189158
61   0.031378    6.603237  0.614479  -2.962710  -3.738567   0.089791   0.082409   -0.101118   -1.112239
62   0.031876    6.654086  0.616903  -2.917316  -3.696933   0.092578   0.084848   -0.013012   -1.035106
63   0.032374    6.706098  0.619353  -2.871959  -3.655392   0.095423   0.087333    0.075546   -0.957752
64   0.032872    6.759307  0.621829  -2.826632  -3.613937   0.098327   0.089864    0.164568   -0.880170
65   0.033370    6.813747  0.624330  -2.781325  -3.572559   0.101291   0.092442    0.254067   -0.802352
66   0.033868    6.869450  0.626857  -2.736031  -3.531251   0.104316   0.095066    0.344056   -0.724293
67   0.034366    6.926448  0.629408  -2.690743  -3.490009   0.107404   0.097738    0.434545   -0.645987
68   0.034864    6.984775  0.631985  -2.645451  -3.448824   0.110554   0.100457    0.525548   -0.567427
69   0.035362    7.044462  0.634587  -2.600151  -3.407690   0.113768   0.103225    0.617075   -0.488608
70   0.035860    7.105541  0.637213  -2.554833  -3.366603   0.117046   0.106041    0.709137   -0.409526
71   0.036358    7.168045  0.639863  -2.509493  -3.325557   0.120390   0.108906    0.801747   -0.330175
72   0.036856    7.232002  0.642536  -2.464122  -3.284545   0.123801   0.111821    0.894914   -0.250551
73   0.037354    7.297441  0.645232  -2.418716  -3.243564   0.127279   0.114786    0.988650   -0.170648
74   0.037852    7.364392  0.647950  -2.373267  -3.202608   0.130825   0.117801    1.082964   -0.090463
75   0.038350    7.432880  0.650689  -2.327770  -3.161673   0.134441   0.120867    1.177868   -0.009991
76   0.038848    7.502926  0.653448  -2.282219  -3.120753   0.138128   0.123984    1.273373    0.070772
77   0.039346    7.574559  0.656226  -2.236609  -3.079846   0.141885   0.127154    1.369486    0.151831
78   0.039844    7.647790  0.659022  -2.190933  -3.038946   0.145716   0.130375    1.466220    0.233190
79   0.040342    7.722642  0.661834  -2.145187  -2.998049   0.149619   0.133649    1.563584    0.314853
80   0.040840    7.799124  0.664662  -2.099366  -2.957152   0.153597   0.136976    1.661588    0.396825
81   0.041338    7.877250  0.667504  -2.053464  -2.916252   0.157651   0.140357    1.760241    0.479111
82   0.041836    7.957026  0.670357  -2.007477  -2.875343   0.161781   0.143793    1.859553    0.561714
83   0.042334    8.038455  0.673221  -1.961399  -2.834424   0.165989   0.147283    1.959534    0.644641
84   0.042832    8.121537  0.676094  -1.915226  -2.793490   0.170275   0.150828    2.060193    0.727896
85   0.043330    8.206269  0.678974  -1.868954  -2.752538   0.174641   0.154429    2.161540    0.811484
86   0.043828    8.292644  0.681859  -1.822578  -2.711565   0.179088   0.158087    2.263583    0.895412
87   0.044326    8.380650  0.684746  -1.776094  -2.670567   0.183617   0.161801    2.366333    0.979685
88   0.044824    8.470270  0.687634  -1.729497  -2.629543   0.188229   0.165573    2.469798    1.064309
89   0.045322    8.561495  0.690522  -1.682783  -2.588488   0.192925   0.169404    2.573987    1.149291
90   0.045820    8.654296  0.693406  -1.635949  -2.547400   0.197707   0.173293    2.678910    1.234637
91   0.046318    8.748651  0.696286  -1.588989  -2.506276   0.202575   0.177242    2.784575    1.320355
92   0.046816    8.844534  0.699158  -1.541900  -2.465113   0.207530   0.181251    2.890992    1.406451
93   0.047314    8.941916  0.702021  -1.494679  -2.423908   0.212575   0.185321    2.998169    1.492934
94   0.047812    9.040767  0.704874  -1.447321  -2.382659   0.217709   0.189454    3.106116    1.579811
95   0.048310    9.141055  0.707713  -1.399822  -2.341363   0.222934   0.193648    3.214841    1.667090
96   0.048808    9.242748  0.710538  -1.352180  -2.300017   0.228252   0.197907    3.324354    1.754780
97   0.049306    9.345807  0.713347  -1.304390  -2.258618   0.233664   0.202229    3.434662    1.842888
98   0.049804    9.450211  0.716139  -1.256448  -2.217164   0.239170   0.206616    3.545775    1.931422
99   0.050302    9.555915  0.718911  -1.208352  -2.175652   0.244772   0.211069    3.657702    2.020393
100  0.050800    9.662889  0.721664  -1.160097  -2.134080   0.250472   0.215589    3.770452    2.109807
101  0.051298    9.771103  0.724394  -1.111681  -2.092444   0.256270   0.220177    3.884032    2.199675
102  0.051796    9.880527  0.727102  -1.063099  -2.050743   0.262168   0.224833    3.998453    2.290004
103  0.052294    9.991122  0.729787  -1.014350  -2.008974   0.268167   0.229559    4.113722    2.380804
104  0.052792   10.102879  0.732447  -0.965428  -1.967134   0.274269   0.234355    4.229848    2.472083
105  0.053290   10.215760  0.735082  -0.916332  -1.925221   0.280474   0.239223    4.346840    2.563849
106  0.053788   10.329749  0.737692  -0.867057  -1.883232   0.286785   0.244162    4.464707    2.656112
107  0.054286   10.444816  0.740275  -0.817602  -1.841164   0.293202   0.249175    4.583458    2.748880
108  0.054784   10.560958  0.742833  -0.767962  -1.799016   0.299727   0.254262    4.703101    2.842161
109  0.055282   10.678145  0.745363  -0.718134  -1.756784   0.306361   0.259425    4.823644    2.935965
110  0.055780   10.796373  0.747866  -0.668116  -1.714467   0.313105   0.264663    4.945097    3.030298
111  0.056278   10.915637  0.750343  -0.617904  -1.672062   0.319961   0.269979    5.067468    3.125168
112  0.056776   11.035917  0.752793  -0.567496  -1.629566   0.326931   0.275372    5.190766    3.220586
113  0.057274   11.157220  0.755215  -0.516888  -1.586977   0.334016   0.280845    5.314999    3.316556
114  0.057772   11.279554  0.757612  -0.466078  -1.544292   0.341216   0.286398    5.440177    3.413088
115  0.058270   11.402902  0.759981  -0.415062  -1.501510   0.348534   0.292032    5.566307    3.510189
116  0.058768   11.527282  0.762325  -0.363839  -1.458627   0.355972   0.297748    5.693399    3.607865
117  0.059266   11.652700  0.764643  -0.312403  -1.415642   0.363530   0.303547    5.821462    3.706125
118  0.059764   11.779163  0.766935  -0.260754  -1.372552   0.371210   0.309430    5.950503    3.804976
119  0.060262   11.906699  0.769202  -0.208888  -1.329355   0.379013   0.315398    6.080532    3.904423
120  0.060760   12.035308  0.771445  -0.156803  -1.286048   0.386942   0.321452    6.211558    4.004474
121  0.061258   12.165025  0.773663  -0.104495  -1.242630   0.394997   0.327593    6.343590    4.105135
122  0.061756   12.295856  0.775858  -0.051962  -1.199098   0.403180   0.333823    6.476635    4.206413
123  0.062254   12.427846  0.778030   0.000799  -1.155449   0.411493   0.340141    6.610703    4.308312
124  0.062752   12.561014  0.780180   0.053791  -1.111682   0.419937   0.346549    6.745803    4.410841
125  0.063250   12.695393  0.782307   0.107016  -1.067795   0.428514   0.353049    6.881943    4.514004
126  0.063748   12.831018  0.784414   0.160476  -1.023785   0.437226   0.359640    7.019133    4.617807
127  0.064246   12.967926  0.786499   0.214176  -0.979650   0.446073   0.366325    7.157380    4.722255
128  0.064744   13.106158  0.788565   0.268117  -0.935388   0.455058   0.373103    7.296695    4.827353
129  0.065242   13.245772  0.790611   0.322302  -0.890997   0.464183   0.379976    7.437086    4.933106
130  0.065740   13.386799  0.792639   0.376734  -0.846475   0.473448   0.386945    7.578562    5.039520
131  0.066238   13.529293  0.794649   0.431415  -0.801820   0.482856   0.394011    7.721131    5.146599
132  0.066736   13.673319  0.796641   0.486348  -0.757030   0.492409   0.401175    7.864803    5.254347
133  0.067234   13.818925  0.798616   0.541536  -0.712103   0.502107   0.408438    8.009587    5.362768
134  0.067732   13.966173  0.800576   0.596980  -0.667037   0.511953   0.415800    8.155492    5.471867
135  0.068230   14.115138  0.802520   0.652685  -0.621829   0.521949   0.423263    8.302526    5.581647
136  0.068728   14.265888  0.804449   0.708651  -0.576480   0.532095   0.430828    8.450699    5.692110
137  0.069226   14.418492  0.806364   0.764882  -0.530985   0.542395   0.438495    8.600019    5.803262
138  0.069724   14.573025  0.808266   0.821381  -0.485344   0.552850   0.446265    8.750497    5.915105
139  0.070222   14.729597  0.810156   0.878150  -0.439555   0.563461   0.454139    8.902141    6.027640
140  0.070720   14.888265  0.812033   0.935191  -0.393615   0.574230   0.462119    9.054959    6.140871
141  0.071218   15.049140  0.813899   0.992507  -0.347524   0.585159   0.470204    9.208962    6.254801
142  0.071716   15.212329  0.815755   1.050101  -0.301280   0.596251   0.478397    9.364159    6.369429
143  0.072214   15.377921  0.817601   1.107975  -0.254880   0.607506   0.486696    9.520558    6.484758
144  0.072712   15.546052  0.819438   1.166131  -0.208324   0.618927   0.495104    9.678169    6.600788
145  0.073210   15.716827  0.821267   1.224572  -0.161609   0.630516   0.503621    9.837001    6.717521
146  0.073708   15.890381  0.823088   1.283301  -0.114735   0.642274   0.512248    9.997063    6.834957
147  0.074206   16.066853  0.824902   1.342320  -0.067699   0.654203   0.520985   10.158366    6.953094
148  0.074704   16.246391  0.826710   1.401632  -0.020501   0.666306   0.529833   10.320917    7.071933
149  0.075202   16.429134  0.828512   1.461239   0.026862   0.678584   0.538793   10.484727    7.191472
150  0.075700   16.615268  0.830310   1.521143   0.074390   0.691040   0.547865   10.649805    7.311709
151  0.076198   16.804956  0.832104   1.581347   0.122085   0.703674   0.557050   10.816160    7.432642
152  0.076696   16.998396  0.833895   1.641854   0.169948   0.716490   0.566348   10.983802    7.554268
153  0.077194   17.195771  0.835684   1.702665   0.217981   0.729489   0.575759   11.152741    7.676584
154  0.077692   17.397328  0.837472   1.763785   0.266184   0.742673   0.585285   11.322985    7.799583
155  0.078190   17.603284  0.839259   1.825214   0.314558   0.756045   0.594925   11.494544    7.923262
156  0.078688   17.813868  0.841046   1.886955   0.363105   0.769606   0.604679   11.667428    8.047614
157  0.079186   18.029383  0.842834   1.949012   0.411826   0.783358   0.614547   11.841647    8.172632
158  0.079684   18.250090  0.844624   2.011386   0.460721   0.797304   0.624530   12.017210    8.298308
159  0.080182   18.476295  0.846418   2.074079   0.509791   0.811446   0.634628   12.194127    8.424634
160  0.080680   18.708341  0.848215   2.137095   0.559037   0.825785   0.644840   12.372407    8.551598
161  0.081178   18.946562  0.850017   2.200436   0.608460   0.840324   0.655166   12.552061    8.679190
162  0.081676   19.191365  0.851825   2.264103   0.658060   0.855066   0.665605   12.733098    8.807396
163  0.082174   19.443167  0.853640   2.328101   0.707837   0.870011   0.676158   12.915528    8.936201
164  0.082672   19.702387  0.855462   2.392430   0.757793   0.885163   0.686822   13.099360    9.065592
165  0.083170   19.969521  0.857294   2.457095   0.807927   0.900524   0.697599   13.284605    9.195550
166  0.083668   20.245098  0.859135   2.522096   0.858239   0.916096   0.708485   13.471272    9.326055
167  0.084166   20.529666  0.860988   2.587437   0.908729   0.931880   0.719481   13.659371    9.457087
168  0.084664   20.823825  0.862853   2.653119   0.959398   0.947881   0.730585   13.848913    9.588623
169  0.085162   21.128262  0.864730   2.719146   1.010245   0.964099   0.741794   14.039907    9.720636
170  0.085660   21.443654  0.866623   2.785520   1.061269   0.980537   0.753108   14.232364    9.853100
171  0.086158   21.770791  0.868530   2.852244   1.112470   0.997197   0.764524   14.426293    9.985984
172  0.086656   22.110471  0.870454   2.919319   1.163848   1.014082   0.776040   14.621704   10.119257
173  0.087154   22.463605  0.872396   2.986749   1.215401   1.031194   0.787653   14.818608   10.252882
174  0.087652   22.831155  0.874356   3.054535   1.267128   1.048535   0.799359   15.017015   10.386821
175  0.088150   23.214134  0.876335   3.122680   1.319029   1.066109   0.811157   15.216935   10.521036
176  0.088648   23.613629  0.878335   3.191188   1.371100   1.083916   0.823042   15.418378   10.655483
177  0.089146   24.030800  0.880355   3.260059   1.423342   1.101960   0.835011   15.621354   10.790118
178  0.089644   24.466895  0.882397   3.329297   1.475752   1.120243   0.847059   15.825875   10.924892
179  0.090142   24.923191  0.884460   3.398905   1.528327   1.138768   0.859182   16.031949   11.059759
180  0.090640   25.401053  0.886544   3.468884   1.581066   1.157537   0.871377   16.239588   11.194668
181  0.091138   25.901822  0.888650   3.539237   1.633966   1.176552   0.883638   16.448801   11.329570
182  0.091636   26.426865  0.890775   3.609966   1.687023   1.195816   0.895962   16.659600   11.464421
183  0.092134   26.977628  0.892919   3.681075   1.740236   1.215332   0.908343   16.871995   11.599170
184  0.092632   27.555393  0.895079   3.752566   1.793601   1.235102   0.920779   17.085996   11.733780
185  0.093130   28.161466  0.897254   3.824440   1.847114   1.255129   0.933265   17.301614   11.868214
186  0.093628   28.796951  0.899440   3.896701   1.900772   1.275415   0.945799   17.518859   12.002445
187  0.094126   29.462792  0.901633   3.969351   1.954573   1.295964   0.958380   17.737742   12.136459
188  0.094624   30.159686  0.903828   4.042393   2.008512   1.316776   0.971007   17.958274   12.270251
189  0.095122   30.888121  0.906020   4.115829   2.062585   1.337856   0.983680   18.180465   12.403830
190  0.095620   31.648209  0.908203   4.189661   2.116791   1.359206   0.996402   18.404326   12.537222
191  0.096118   32.439771  0.910372   4.263893   2.171126   1.380829   1.009176   18.629868   12.670467
192  0.096616   33.262203  0.912519   4.338526   2.225587   1.402727   1.022007   18.857102   12.803622
193  0.097114   34.114608  0.914639   4.413564   2.280173   1.424903   1.034903   19.086038   12.936756
194  0.097612   34.995766  0.916725   4.489008   2.334881   1.447359   1.047872   19.316687   13.069953
195  0.098110   35.904173  0.918771   4.564861   2.389709   1.470100   1.060922   19.549060   13.203302
196  0.098608   36.838150  0.920773   4.641126   2.444659   1.493127   1.074062   19.783169   13.336901
197  0.099106   37.795982  0.922727   4.717806   2.499728   1.516442   1.087303   20.019024   13.470844
198  0.099604   38.775500  0.924627   4.794902   2.554917   1.540050   1.100656   20.256635   13.605241
199  0.100102   39.775015  0.926472   4.872418   2.610227   1.563953   1.114130   20.496015   13.740178
200  0.100600   40.792619  0.928260   4.950355   2.665659   1.588154   1.127735   20.737175   13.875749
201  0.101098   41.826476  0.929990   5.028717   2.721214   1.612655   1.141480   20.980124   14.012039
202  0.101596   42.874977  0.931661   5.107507   2.776895   1.637460   1.155373   21.224875   14.149122
203  0.102094   43.936609  0.933274   5.186726   2.832703   1.662572   1.169422   21.471439   14.287068
204  0.102592   45.010095  0.934829   5.266377   2.888641   1.687992   1.183634   21.719827   14.425932
205  0.103090   46.094120  0.936328   5.346462   2.944712   1.713726   1.198015   21.970049   14.565771
206  0.103588   47.187828  0.937772   5.426986   3.000918   1.739774   1.212571   22.222119   14.706623
207  0.104086   48.290267  0.939162   5.507949   3.057263   1.766141   1.227306   22.476046   14.848529
208  0.104584   49.400527  0.940501   5.589354   3.113750   1.792830   1.242225   22.731842   14.991525
209  0.105082   50.518106  0.941791   5.671205   3.170382   1.819843   1.257333   22.989519   15.135634
210  0.105580   51.642428  0.943033   5.753504   3.227162   1.847184   1.272632   23.249088   15.280880
211  0.106078   52.773147  0.944230   5.836252   3.284093   1.874855   1.288125   23.510561   15.427279
212  0.106576   53.909789  0.945384   5.919454   3.341179   1.902861   1.303816   23.773949   15.574850
213  0.107074   55.052165  0.946496   6.003111   3.398423   1.931203   1.319706   24.039263   15.723604
214  0.107572   56.200030  0.947569   6.087227   3.455829   1.959885   1.335799   24.306516   15.873553
215  0.108070   57.353243  0.948605   6.171803   3.513399   1.988911   1.352097   24.575718   16.024704
216  0.108568   58.511533  0.949604   6.256843   3.571137   2.018283   1.368601   24.846883   16.177070
217  0.109066   59.675026  0.950570   6.342349   3.629046   2.048006   1.385313   25.120020   16.330652
218  0.109564   60.843537  0.951504   6.428323   3.687130   2.078081   1.402236   25.395143   16.485458
219  0.110062   62.017015  0.952406   6.514769   3.745392   2.108512   1.419371   25.672262   16.641495
220  0.110560   63.195631  0.953280   6.601689   3.803834   2.139303   1.436719   25.951390   16.798762
221  0.111058   64.379200  0.954125   6.689085   3.862460   2.170457   1.454283   26.232538   16.957269
222  0.111556   65.567803  0.954944   6.776961   3.921273   2.201977   1.472065   26.515719   17.117018
223  0.112054   66.761573  0.955737   6.865319   3.980276   2.233867   1.490064   26.800944   17.278011
224  0.112552   67.960471  0.956506   6.954161   4.039472   2.266129   1.508285   27.088226   17.440252
225  0.113050   69.164572  0.957252   7.043491   4.098864   2.298768   1.526727   27.377576   17.603746
226  0.113548   70.373979  0.957976   7.133310   4.158454   2.331787   1.545393   27.669006   17.768494
227  0.114046   71.588716  0.958679   7.223623   4.218247   2.365189   1.564284   27.962529   17.934502
228  0.114544   72.808854  0.959362   7.314431   4.278244   2.398978   1.583402   28.258157   18.101773
229  0.115042   74.034498  0.960026   7.405737   4.338448   2.433157   1.602749   28.555901   18.270309
230  0.115540   75.265872  0.960671   7.497544   4.398862   2.467730   1.622326   28.855774   18.440111
231  0.116038   76.502799  0.961298   7.589854   4.459490   2.502700   1.642135   29.157789   18.611190
232  0.116536   77.745550  0.961909   7.682671   4.520333   2.538071   1.662177   29.461957   18.783543
233  0.117034   78.994139  0.962503   7.775996   4.581394   2.573846   1.682455   29.768291   18.957178
234  0.117532   80.248614  0.963082   7.869834   4.642677   2.610030   1.702971   30.076804   19.132099
235  0.118030   81.509289  0.963646   7.964185   4.704183   2.646625   1.723724   30.387507   19.308305
236  0.118528   82.775861  0.964195   8.059054   4.765915   2.683635   1.744720   30.700413   19.485809
237  0.119026   84.048742  0.964731   8.154443   4.827876   2.721064   1.765957   31.015534   19.664608
238  0.119524   85.327953  0.965254   8.250355   4.890068   2.758916   1.787439   31.332884   19.844710
239  0.120022   86.613549  0.965763   8.346792   4.952495   2.797195   1.809166   31.652474   20.026118
240  0.120520   87.905573  0.966261   8.443758   5.015157   2.835903   1.831142   31.974317   20.208838
241  0.121018   89.204100  0.966746   8.541254   5.078059   2.875045   1.853369   32.298427   20.392877
242  0.121516   90.509389  0.967220   8.639285   5.141202   2.914626   1.875846   32.624814   20.578235
243  0.122014   91.821377  0.967684   8.737851   5.204589   2.954647   1.898578   32.953493   20.764920
244  0.122512   93.140110  0.968136   8.836958   5.268222   2.995114   1.921566   33.284476   20.952940
245  0.123010   94.465768  0.968579   8.936606   5.332103   3.036031   1.944812   33.617776   21.142296
246  0.123508   95.798394  0.969011   9.036800   5.396236   3.077400   1.968317   33.953405   21.332996
247  0.124006   97.138201  0.969434   9.137541   5.460622   3.119227   1.992084   34.291377   21.525042
248  0.124504   98.485056  0.969848   9.238833   5.525264   3.161514   2.016116   34.631704   21.718444
249  0.125002   99.839122  0.970253   9.340678   5.590164   3.204266   2.040413   34.974399   21.913207
250  0.125500  101.200412  0.970649   9.443080   5.655325   3.247488   2.064979   35.319476   22.109338
251  0.125998  102.569224  0.971037   9.546041   5.720748   3.291182   2.089814   35.666947   22.306838
252  0.126496  103.945475  0.971416   9.649564   5.786437   3.335353   2.114922   36.016825   22.505717
253  0.126994  105.329081  0.971788   9.753652   5.852393   3.380005   2.140305   36.369123   22.705984
254  0.127492  106.720349  0.972153   9.858307   5.918618   3.425142   2.165964   36.723855   22.907641
255  0.127990  108.119366  0.972510   9.963533   5.985116   3.470769   2.191903   37.081034   23.110694
256  0.128488  109.526052  0.972859  10.069333   6.051888   3.516889   2.218122   37.440673   23.315152
257  0.128986  110.940546  0.973202  10.175708   6.118936   3.563506   2.244625   37.802785   23.521020
258  0.129484  112.363037  0.973538  10.282663   6.186264   3.610625   2.271414   38.167384   23.728304
259  0.129982  113.793376  0.973868  10.390201   6.253872   3.658250   2.298490   38.534482   23.937013
260  0.130480  115.231876  0.974191  10.498323   6.321763   3.706385   2.325857   38.904093   24.147150
261  0.130978  116.678406  0.974509  10.607033   6.389940   3.755034   2.353516   39.276231   24.358726
262  0.131476  118.132989  0.974820  10.716334   6.458405   3.804202   2.381470   39.650910   24.571748
263  0.131974  119.595804  0.975125  10.826228   6.527159   3.853893   2.409721   40.028141   24.786221
264  0.132472  121.067109  0.975425  10.936720   6.596205   3.904111   2.438272   40.407940   25.002149
265  0.132970  122.546734  0.975719  11.047811   6.665546   3.954861   2.467125   40.790319   25.219543
266  0.133468  124.034693  0.976008  11.159504   6.735183   4.006147   2.496282   41.175293   25.438410
267  0.133966  125.531369  0.976292  11.271804   6.805119   4.057974   2.525746   41.562874   25.658754
268  0.134464  127.036233  0.976571  11.384711   6.875355   4.110345   2.555520   41.953077   25.880591
269  0.134962  128.549934  0.976844  11.498230   6.945895   4.163265   2.585605   42.345915   26.103918
270  0.135460  130.072362  0.977113  11.612364   7.016740   4.216740   2.616004   42.741402   26.328746
271  0.135958  131.603506  0.977377  11.727114   7.087891   4.270772   2.646720   43.139552   26.555083
272  0.136456  133.143744  0.977637  11.842486   7.159353   4.325368   2.677755   43.540379   26.782932
273  0.136954  134.692426  0.977892  11.958480   7.231126   4.380531   2.709113   43.943896   27.012312
274  0.137452  136.250139  0.978143  12.075101   7.303213   4.436266   2.740794   44.350118   27.243221
275  0.137950  137.817094  0.978390  12.192351   7.375615   4.492577   2.772802   44.759058   27.475666
276  0.138448  139.392907  0.978632  12.310234   7.448336   4.549470   2.805140   45.170731   27.709661
277  0.138946  140.977955  0.978871  12.428752   7.521377   4.606949   2.837810   45.585150   27.945208
278  0.139444  142.572261  0.979106  12.547908   7.594740   4.665018   2.870814   46.002329   28.182316
279  0.139942  144.175708  0.979336  12.667706   7.668427   4.723683   2.904156   46.422283   28.420995
280  0.140440  145.788467  0.979563  12.788148   7.742441   4.782948   2.937838   46.845026   28.661252
281  0.140938  147.410705  0.979787  12.909238   7.816784   4.842818   2.971862   47.270572   28.903092
282  0.141436  149.042200  0.980007  13.030979   7.891458   4.903297   3.006232   47.698935   29.146528
283  0.141934  150.683553  0.980223  13.153373   7.966464   4.964391   3.040950   48.130129   29.391560
284  0.142432  152.334086  0.980436  13.276424   8.041806   5.026104   3.076019   48.564170   29.638206
285  0.142930  153.994304  0.980645  13.400135   8.117484   5.088442   3.111441   49.001070   29.886469
286  0.143428  155.664310  0.980852  13.524508   8.193502   5.151408   3.147219   49.440845   30.136354
287  0.143926  157.344033  0.981055  13.649548   8.269862   5.215009   3.183357   49.883509   30.387874
288  0.144424  159.033485  0.981255  13.775256   8.346565   5.279249   3.219857   50.329077   30.641035
289  0.144922  160.732632  0.981452  13.901637   8.423613   5.344133   3.256721   50.777562   30.895848
290  0.145420  162.441884  0.981646  14.028693   8.501009   5.409666   3.293953   51.228980   31.152315
291  0.145918  164.161062  0.981837  14.156428   8.578755   5.475853   3.331555   51.683345   31.410449
292  0.146416  165.890279  0.982025  14.284844   8.656854   5.542699   3.369530   52.140671   31.670257
293  0.146914  167.629480  0.982210  14.413944   8.735306   5.610209   3.407882   52.600974   31.931749
294  0.147412  169.378881  0.982393  14.543733   8.814114   5.678389   3.446613   53.064268   32.194930
295  0.147910  171.138473  0.982573  14.674212   8.893281   5.747244   3.485725   53.530568   32.459811
296  0.148408  172.908189  0.982750  14.805386   8.972808   5.816778   3.525223   53.999889   32.726400
297  0.148906  174.688440  0.982925  14.937256   9.052697   5.886997   3.565108   54.472245   32.994703
298  0.149404  176.478918  0.983097  15.069828   9.132951   5.957906   3.605384   54.947651   33.264731
299  0.149902  178.279843  0.983267  15.203103   9.213572   6.029511   3.646054   55.426122   33.536492
300  0.150400  180.091382  0.983434  15.337084   9.294562   6.101817   3.687121   55.907674   33.809993
301  0.150898  181.912938  0.983599  15.471776   9.375922   6.174828   3.728588   56.392320   34.085250
302  0.151396  183.745671  0.983762  15.607181   9.457656   6.248551   3.770457   56.880077   34.362259
303  0.151894  185.588777  0.983922  15.743302   9.539765   6.322991   3.812733   57.370959   34.641037
304  0.152392  187.442684  0.984080  15.880143   9.622251   6.398154   3.855417   57.864982   34.921591
305  0.152890  189.307266  0.984236  16.017707   9.705116   6.474043   3.898514   58.362159   35.203929
306  0.153388  191.182742  0.984390  16.155996   9.788363   6.550666   3.942025   58.862508   35.488060
307  0.153886  193.069112  0.984542  16.295015   9.871994   6.628028   3.985955   59.366042   35.773993
308  0.154384  194.966207  0.984692  16.434767   9.956010   6.706134   4.030307   59.872778   36.061738
309  0.154882  196.874351  0.984839  16.575254  10.040414   6.784989   4.075083   60.382729   36.351302
310  0.155380  198.793420  0.984985  16.716481  10.125208   6.864600   4.120287   60.895913   36.642695
311  0.155878  200.723869  0.985129  16.858450  10.210394   6.944972   4.165922   61.412344   36.935922
312  0.156376  202.665199  0.985270  17.001164  10.295975   7.026110   4.211991   61.932037   37.230999
313  0.156874  204.617860  0.985410  17.144627  10.381951   7.108021   4.258498   62.455008   37.527928
314  0.157372  206.581933  0.985548  17.288843  10.468326   7.190709   4.305445   62.981273   37.826719
315  0.157870  208.557168  0.985684  17.433814  10.555102   7.274181   4.352836   63.510847   38.127385
316  0.158368  210.543669  0.985819  17.579543  10.642280   7.358443   4.400675   64.043746   38.429934
317  0.158866  212.541665  0.985952  17.726035  10.729863   7.443500   4.448964   64.579984   38.734373
318  0.159364  214.551136  0.986082  17.873292  10.817853   7.529357   4.497707   65.119579   39.040711
319  0.159862  216.571910  0.986212  18.021318  10.906253   7.616022   4.546908   65.662546   39.348960
320  0.160360  218.604953  0.986339  18.170116  10.995063   7.703499   4.596568   66.208899   39.659121
321  0.160858  220.648956  0.986465  18.319689  11.084286   7.791795   4.646694   66.758656   39.971215
322  0.161356  222.705029  0.986590  18.470041  11.173926   7.880916   4.697286   67.311832   40.285242
323  0.161854  224.772989  0.986713  18.621176  11.263982   7.970867   4.748348   67.868442   40.601212
324  0.162352  226.852271  0.986834  18.773095  11.354459   8.061655   4.799886   68.428504   40.919143
325  0.162850  228.943589  0.986954  18.925804  11.445357   8.153285   4.851900   68.992031   41.239035
326  0.163348  231.046965  0.987072  19.079304  11.536679   8.245764   4.904396   69.559042   41.560899
327  0.163846  233.162253  0.987189  19.233600  11.628428   8.339098   4.957377   70.129551   41.884745
328  0.164344  235.289477  0.987304  19.388696  11.720604   8.433293   5.010845   70.703575   42.210584
329  0.164842  237.428722  0.987418  19.544593  11.813212   8.528354   5.064806   71.281130   42.538425
330  0.165340  239.580644  0.987530  19.701297  11.906251   8.624289   5.119260   71.862231   42.868271
331  0.165838  241.744204  0.987642  19.858809  11.999726   8.721103   5.174214   72.446896   43.200141
332  0.166336  243.920138  0.987751  20.017135  12.093637   8.818803   5.229671   73.035140   43.534040
333  0.166834  246.108521  0.987860  20.176276  12.187988   8.917395   5.285633   73.626979   43.869975
334  0.167332  248.309288  0.987967  20.336237  12.282780   9.016885   5.342104   74.222431   44.207958
335  0.167830  250.522332  0.988073  20.497021  12.378015   9.117279   5.399089   74.821510   44.548000
336  0.168328  252.747926  0.988177  20.658631  12.473696   9.218585   5.456590   75.424235   44.890108
337  0.168826  254.986078  0.988281  20.821071  12.569824   9.320807   5.514611   76.030620   45.234292
338  0.169324  257.236783  0.988383  20.984344  12.666403   9.423954   5.573157   76.640682   45.580562
339  0.169822  259.500065  0.988484  21.148454  12.763433   9.528030   5.632231   77.254439   45.928928
340  0.170320  261.776225  0.988584  21.313405  12.860918   9.633044   5.691835   77.871906   46.279398
341  0.170818  264.064884  0.988682  21.479199  12.958859   9.739000   5.751976   78.493100   46.631984
342  0.171316  266.366422  0.988780  21.645841  13.057259   9.845907   5.812655   79.118038   46.986694
343  0.171814  268.680975  0.988876  21.813333  13.156119   9.953770   5.873877   79.746736   47.343537
344  0.172312  271.008249  0.988971  21.981680  13.255443  10.062595   5.935646   80.379211   47.702526
345  0.172810  273.348629  0.989065  22.150885  13.355231  10.172391   5.997965   81.015480   48.063666
346  0.173308  275.702015  0.989158  22.320951  13.455488  10.283162   6.060838   81.655559   48.426970
347  0.173806  278.068503  0.989250  22.491882  13.556213  10.394917   6.124269   82.299466   48.792447
348  0.174304  280.448193  0.989341  22.663681  13.657410  10.507661   6.188262   82.947217   49.160106
349  0.174802  282.840848  0.989431  22.836352  13.759082  10.621402   6.252821   83.598829   49.529959
350  0.175300  285.247065  0.989520  23.009899  13.861229  10.736147   6.317949   84.254319   49.902013
351  0.175798  287.666356  0.989608  23.184325  13.963855  10.851901   6.383652   84.913704   50.276280
352  0.176296  290.098836  0.989694  23.359634  14.066961  10.968673   6.449932   85.577001   50.652771
353  0.176794  292.545508  0.989780  23.535829  14.170550  11.086469   6.516793   86.244227   51.031488
354  0.177292  295.005171  0.989865  23.712914  14.274625  11.205295   6.584239   86.915400   51.412450
355  0.177790  297.478253  0.989949  23.890892  14.379186  11.325160   6.652276   87.590535   51.795666
356  0.178288  299.965577  0.990032  24.069768  14.484237  11.446069   6.720905   88.269652   52.181138
357  0.178786  302.465390  0.990114  24.249544  14.589779  11.568030   6.790134   88.952765   52.568891
358  0.179284  304.979791  0.990196  24.430224  14.695816  11.691050   6.859962   89.639894   52.958920
359  0.179782  307.507898  0.990276  24.611813  14.802348  11.815137   6.930397   90.331055   53.351240
360  0.180280  310.049328  0.990355  24.794313  14.909379  11.940296   7.001442   91.026266   53.745867
361  0.180778  312.605195  0.990434  24.977728  15.016910  12.066536   7.073100   91.725543   54.142801
362  0.181276  315.174806  0.990512  25.162063  15.124944  12.193864   7.145377   92.428905   54.542059
363  0.181774  317.758268  0.990589  25.347320  15.233484  12.322287   7.218276   93.136369   54.943651
364  0.182272  320.356150  0.990665  25.533503  15.342530  12.451811   7.291801   93.847952   55.347582
365  0.182770  322.967894  0.990740  25.720616  15.452087  12.582445   7.365957   94.563672   55.753868
366  0.183268  325.593670  0.990814  25.908662  15.562155  12.714196   7.440747   95.283546   56.162518
367  0.183766  328.233785  0.990888  26.097646  15.672737  12.847071   7.516177   96.007592   56.573541
368  0.184264  330.888192  0.990961  26.287571  15.783835  12.981078   7.592250   96.735828   56.986946
369  0.184762  333.556717  0.991033  26.478440  15.895452  13.116223   7.668971   97.468271   57.402747
370  0.185260  336.240203  0.991104  26.670258  16.007590  13.252515   7.746343   98.204940   57.820948
371  0.185758  338.937566  0.991175  26.863028  16.120251  13.389961   7.824372   98.945851   58.241568
372  0.186256  341.649529  0.991245  27.056754  16.233437  13.528568   7.903061   99.691023   58.664611
373  0.186754  344.376050  0.991314  27.251440  16.347152  13.668345   7.982415  100.440474   59.090090
374  0.187252  347.117984  0.991382  27.447089  16.461396  13.809298   8.062437  101.194221   59.518008
375  0.187750  349.873837  0.991450  27.643705  16.576172  13.951436   8.143134  101.952283   59.948389
376  0.188248  352.644538  0.991517  27.841292  16.691483  14.094765   8.224508  102.714677   60.381234
377  0.188746  355.429929  0.991583  28.039853  16.807331  14.239294   8.306566  103.481421   60.816558
378  0.189244  358.230162  0.991649  28.239393  16.923717  14.385031   8.389310  104.252534   61.254369
379  0.189742  361.046004  0.991714  28.439915  17.040646  14.531983   8.472744  105.028033   61.694672
380  0.190240  363.876668  0.991778  28.641423  17.158118  14.680158   8.556875  105.807937   62.137486
381  0.190738  366.721180  0.991842  28.843921  17.276135  14.829563   8.641708  106.592264   62.582826
382  0.191236  369.581645  0.991905  29.047412  17.394702  14.980208   8.727244  107.381032   63.030690
383  0.191734  372.457277  0.991967  29.251901  17.513819  15.132099   8.813490  108.174259   63.481095
384  0.192232  375.348144  0.992029  29.457391  17.633489  15.285245   8.900449  108.971964   63.934049
385  0.192730  378.254147  0.992090  29.663887  17.753714  15.439654   8.988128  109.774164   64.389567
386  0.193228  381.175441  0.992150  29.871391  17.874497  15.595333   9.076530  110.580879   64.847656
387  0.193726  384.112185  0.992210  30.079908  17.995839  15.752291   9.165659  111.392127   65.308328
388  0.194224  387.064416  0.992269  30.289441  18.117744  15.910536   9.255521  112.207926   65.771594
389  0.194722  390.031772  0.992328  30.499995  18.240214  16.070076   9.346121  113.028295   66.237466
390  0.195220  393.015207  0.992386  30.711573  18.363250  16.230918   9.437462  113.853252   66.705949
391  0.195718  396.014208  0.992444  30.924180  18.486856  16.393073   9.529549  114.682816   67.177059
392  0.196216  399.028349  0.992501  31.137818  18.611033  16.556546   9.622389  115.517005   67.650810
393  0.196714  402.058771  0.992557  31.352493  18.735784  16.721348   9.715984  116.355838   68.127204
394  0.197212  405.104417  0.992613  31.568208  18.861112  16.887486   9.810340  117.199334   68.606260
395  0.197710  408.166661  0.992668  31.784966  18.987018  17.054968   9.905461  118.047512   69.087981
396  0.198208  411.244359  0.992723  32.002772  19.113506  17.223803  10.001354  118.900389   69.572385
397  0.198706  414.338441  0.992777  32.221630  19.240576  17.393999  10.098021  119.757986   70.059478
398  0.199204  417.447905  0.992831  32.441543  19.368233  17.565565  10.195469  120.620321   70.549276
399  0.199702  420.574768  0.992884  32.662516  19.496477  17.738510  10.293700  121.487413   71.041780
400  0.200200  423.716406  0.992937  32.884553  19.625312  17.912841  10.392723  122.359281   71.537016
401  0.200698  426.874816  0.992989  33.107657  19.754740  18.088567  10.492541  123.235943   72.034984
402  0.201196  430.049056  0.993040  33.331832  19.884763  18.265697  10.593158  124.117419   72.535701
403  0.201694  433.239985  0.993091  33.557083  20.015384  18.444240  10.694580  125.003728   73.039173
404  0.202192  436.446654  0.993142  33.783413  20.146604  18.624204  10.796813  125.894889   73.545417
405  0.202690  439.671073  0.993192  34.010826  20.278428  18.805597  10.899858  126.790921   74.054433
406  0.203188  442.911172  0.993242  34.239327  20.410856  18.988430  11.003725  127.691843   74.566244
407  0.203686  446.167840  0.993291  34.468919  20.543891  19.172710  11.108416  128.597675   75.080857
408  0.204184  449.441958  0.993340  34.699607  20.677536  19.358446  11.213937  129.508436   75.598278
409  0.204682  452.732345  0.993388  34.931393  20.811792  19.545647  11.320293  130.424144   76.118525
410  0.205180  456.039291  0.993436  35.164284  20.946664  19.734323  11.427489  131.344820   76.641609
411  0.205678  459.363028  0.993483  35.398281  21.082152  19.924481  11.535531  132.270483   77.167540
412  0.206176  462.703581  0.993530  35.633391  21.218259  20.116131  11.644423  133.201152   77.696329
413  0.206674  466.060790  0.993577  35.869616  21.354988  20.309282  11.754171  134.136847   78.227989
414  0.207172  469.435929  0.993623  36.106960  21.492341  20.503943  11.864778  135.077587   78.762524
415  0.207670  472.827468  0.993669  36.345428  21.630321  20.700123  11.976253  136.023391   79.299954
416  0.208168  476.236470  0.993714  36.585024  21.768930  20.897831  12.088598  136.974280   79.840286
417  0.208666  479.662852  0.993759  36.825751  21.908170  21.097076  12.201820  137.930272   80.383531
418  0.209164  483.106338  0.993803  37.067615  22.048044  21.297868  12.315923  138.891388   80.929702
419  0.209662  486.566331  0.993847  37.310619  22.188554  21.500215  12.430915  139.857648   81.478816
420  0.210160  490.044375  0.993891  37.554766  22.329703  21.704128  12.546798  140.829070   82.030875
421  0.210658  493.539574  0.993934  37.800062  22.471494  21.909614  12.663580  141.805675   82.585895
422  0.211156  497.053005  0.993977  38.046511  22.613928  22.116685  12.781263  142.787483   83.143883
423  0.211654  500.583874  0.994019  38.294116  22.757008  22.325348  12.899856  143.774513   83.704855
424  0.212152  504.131310  0.994061  38.542881  22.900736  22.535614  13.019363  144.766785   84.268828
425  0.212650  507.697350  0.994103  38.792811  23.045116  22.747491  13.139789  145.764320   84.835802
426  0.213148  511.280632  0.994144  39.043911  23.190150  22.960990  13.261141  146.767137   85.405797
427  0.213646  514.882006  0.994185  39.296183  23.335839  23.176120  13.383422  147.775257   85.978820
428  0.214144  518.500269  0.994225  39.549632  23.482187  23.392890  13.506641  148.788698   86.554889
429  0.214642  522.138374  0.994265  39.804263  23.629196  23.611311  13.630799  149.807482   87.134001
430  0.215140  525.793734  0.994305  40.060080  23.776868  23.831391  13.755904  150.831629   87.716182
431  0.215638  529.467199  0.994345  40.317087  23.925206  24.053141  13.881962  151.861159   88.301439
432  0.216136  533.158403  0.994384  40.575287  24.074213  24.276569  14.008979  152.896091   88.889785
433  0.216634  536.867448  0.994422  40.834686  24.223891  24.501687  14.136959  153.936447   89.481233
434  0.217132  540.596180  0.994461  41.095287  24.374242  24.728503  14.265908  154.982246   90.075786
435  0.217630  544.341494  0.994499  41.357095  24.525269  24.957028  14.395833  156.033510   90.673470
436  0.218128  548.106041  0.994537  41.620114  24.676975  25.187271  14.526738  157.090257   91.274285
437  0.218626  551.889526  0.994574  41.884348  24.829362  25.419243  14.658629  158.152510   91.878245
438  0.219124  555.690371  0.994611  42.149801  24.982432  25.652953  14.791513  159.220287   92.485369
439  0.219622  559.509836  0.994648  42.416478  25.136189  25.888412  14.925396  160.293610   93.095663
440  0.220120  563.348817  0.994684  42.684383  25.290634  26.125628  15.060281  161.372500   93.709136
441  0.220618  567.206752  0.994720  42.953520  25.445770  26.364614  15.196175  162.456976   94.325802
442  0.221116  571.083494  0.994756  43.223893  25.601600  26.605377  15.333084  163.547060   94.945674
443  0.221614  574.976315  0.994791  43.495508  25.758126  26.847930  15.471018  164.642771   95.568778
444  0.222112  578.890805  0.994827  43.768367  25.915351  27.092281  15.609975  165.744132   96.195099
445  0.222610  582.823879  0.994861  44.042476  26.073277  27.338442  15.749966  166.851162   96.824664
446  0.223108  586.775254  0.994896  44.317838  26.231907  27.586422  15.890997  167.963883   97.457487
447  0.223606  590.746595  0.994930  44.594459  26.391243  27.836232  16.033071  169.082315   98.093573
448  0.224104  594.736802  0.994964  44.872341  26.551289  28.087881  16.176196  170.206478   98.732938
449  0.224602  598.746979  0.994998  45.151491  26.712046  28.341382  16.320377  171.336395   99.375591
450  0.225100  602.774925  0.995031  45.431911  26.873517  28.596743  16.465623  172.472086  100.021553
451  0.225598  606.823381  0.995064  45.713607  27.035705  28.853976  16.611936  173.613571  100.670825
452  0.226096  610.889842  0.995097  45.996582  27.198612  29.113091  16.759325  174.760872  101.323431
453  0.226594  614.976045  0.995130  46.280842  27.362241  29.374098  16.907795  175.914011  101.979374
454  0.227092  619.083059  0.995162  46.566390  27.526594  29.637009  17.057350  177.073007  102.638664
455  0.227590  623.208533  0.995194  46.853231  27.691675  29.901833  17.208000  178.237883  103.301323
456  0.228088  627.353673  0.995226  47.141369  27.857485  30.168582  17.359749  179.408659  103.967357
457  0.228586  631.519406  0.995257  47.430808  28.024027  30.437266  17.512602  180.585356  104.636777
458  0.229084  635.703838  0.995288  47.721554  28.191305  30.707895  17.666568  181.767997  105.309601
459  0.229582  639.909693  0.995319  48.013610  28.359319  30.980482  17.821650  182.956602  105.985832
460  0.230080  644.134618  0.995350  48.306981  28.528074  31.255036  17.977857  184.151192  106.665493
461  0.230578  648.379168  0.995380  48.601672  28.697572  31.531569  18.135195  185.351790  107.348592
462  0.231076  652.643308  0.995410  48.897686  28.867814  31.810091  18.293670  186.558415  108.035144
463  0.231574  656.929850  0.995440  49.195028  29.038805  32.090613  18.453285  187.771091  108.725148
464  0.232072  661.234139  0.995470  49.493703  29.210546  32.373147  18.614052  188.989838  109.418638
465  0.232570  665.560292  0.995499  49.793715  29.383041  32.657703  18.775973  190.214678  110.115609
466  0.233068  669.905817  0.995528  50.095069  29.556291  32.944293  18.939057  191.445632  110.816084
467  0.233566  674.272386  0.995557  50.397769  29.730300  33.232928  19.103309  192.682723  111.520069
468  0.234064  678.659222  0.995586  50.701819  29.905070  33.523618  19.268736  193.925971  112.227579
469  0.234562  683.066569  0.995614  51.007224  30.080603  33.816375  19.435344  195.175399  112.938627
470  0.235060  687.494589  0.995643  51.313989  30.256903  34.111211  19.603139  196.431028  113.653225
471  0.235558  691.942503  0.995671  51.622118  30.433972  34.408137  19.772130  197.692880  114.371389
472  0.236056  696.411688  0.995698  51.931615  30.611813  34.707163  19.942321  198.960977  115.093126
473  0.236554  700.902395  0.995726  52.242486  30.790428  35.008302  20.113718  200.235341  115.818448
474  0.237052  705.412867  0.995753  52.554734  30.969821  35.311565  20.286330  201.515994  116.547375
475  0.237550  709.944519  0.995780  52.868365  31.149993  35.616962  20.460163  202.802957  117.279915
476  0.238048  714.497425  0.995807  53.183382  31.330947  35.924507  20.635222  204.096253  118.016080
477  0.238546  719.071943  0.995834  53.499790  31.512687  36.234210  20.811515  205.395903  118.755881
478  0.239044  723.666446  0.995860  53.817594  31.695214  36.546083  20.989049  206.701930  119.499339
479  0.239542  728.283406  0.995886  54.136799  31.878532  36.860138  21.167829  208.014356  120.246456
480  0.240040  732.919225  0.995912  54.457409  32.062643  37.176386  21.347865  209.333203  120.997260
481  0.240538  737.579249  0.995938  54.779428  32.247550  37.494839  21.529159  210.658493  121.751743
482  0.241036  742.259767  0.995964  55.102861  32.433256  37.815508  21.711722  211.990249  122.509932
483  0.241534  746.962497  0.995989  55.427714  32.619763  38.138407  21.895557  213.328492  123.271834
484  0.242032  751.685789  0.996014  55.753989  32.807073  38.463545  22.080675  214.673246  124.037468
485  0.242530  756.429612  0.996039  56.081693  32.995191  38.790937  22.267081  216.024531  124.806848
486  0.243028  761.195370  0.996064  56.410830  33.184118  39.120592  22.454782  217.382372  125.579982
487  0.243526  765.983420  0.996089  56.741403  33.373857  39.452524  22.643784  218.746789  126.356881
488  0.244024  770.794965  0.996113  57.073419  33.564411  39.786744  22.834093  220.117807  127.137554
489  0.244522  775.627433  0.996137  57.406881  33.755783  40.123264  23.025718  221.495446  127.922024
490  0.245020  780.480780  0.996161  57.741795  33.947975  40.462097  23.218666  222.879730  128.710305
491  0.245518  785.355471  0.996185  58.078164  34.140991  40.803255  23.412944  224.270682  129.502408
492  0.246016  790.255483  0.996209  58.415994  34.334832  41.146749  23.608556  225.668323  130.298332
493  0.246514  795.175173  0.996232  58.755290  34.529501  41.492593  23.805514  227.072678  131.098110
494  0.247012  800.117691  0.996255  59.096055  34.725002  41.840798  24.003822  228.483767  131.901745
495  0.247510  805.081970  0.996278  59.438295  34.921338  42.191376  24.203487  229.901615  132.709254
496  0.248008  810.068233  0.996301  59.782015  35.118510  42.544341  24.404518  231.326243  133.520649
497  0.248506  815.080012  0.996324  60.127218  35.316521  42.899704  24.606918  232.757676  134.335932
498  0.249004  820.110328  0.996346  60.473911  35.515376  43.257479  24.810700  234.195935  135.155141
499  0.249502  825.167671  0.996369  60.822097  35.715075  43.617677  25.015865  235.641044  135.978258
500  0.250000  830.244733  0.996391  61.171781  35.915622  43.980311  25.222425  237.093025  136.805324
501  0.250498  835.343892  0.996413  61.522969  36.117021  44.345394  25.430387  238.551901  137.636344