      density       alpha     S_nem     F(iso)     F(nem)     P(iso)     P(nem)     mu(iso)     mu(nem)
0    0.001000    6.448746  0.606930  -7.869999  -8.826637   0.001038   0.001033   -6.831947   -7.793331
1    0.001498    6.472536  0.608111  -7.446845  -8.405862   0.001584   0.001573   -6.389399   -7.355619
2    0.001996    6.496736  0.609305  -7.140659  -8.102087   0.002150   0.002131   -6.063521   -7.034675
3    0.002494    6.521351  0.610512  -6.898596  -7.862466   0.002736   0.002706   -5.801465   -6.777649
4    0.002992    6.546388  0.611733  -6.697072  -7.663417   0.003343   0.003299   -5.579646   -6.560959
5    0.003490    6.571855  0.612968  -6.523492  -7.492345   0.003972   0.003910   -5.385467   -6.372007
6    0.003988    6.597758  0.614216  -6.370333  -7.341726   0.004622   0.004540   -5.211401   -6.203270
7    0.004486    6.624107  0.615477  -6.232739  -7.206706   0.005294   0.005189   -5.052591   -6.049889
8    0.004984    6.650907  0.616752  -6.107393  -7.083966   0.005989   0.005858   -4.905717   -5.908547
9    0.005482    6.678169  0.618041  -5.991927  -6.971141   0.006707   0.006547   -4.768410   -5.776875
10   0.005980    6.705898  0.619344  -5.884595  -6.866483   0.007449   0.007256   -4.638919   -5.653126
11   0.006478    6.734103  0.620660  -5.784067  -6.768664   0.008215   0.007985   -4.515914   -5.535968
12   0.006976    6.762794  0.621990  -5.689311  -6.676650   0.009006   0.008736   -4.398359   -5.424368
13   0.007474    6.791978  0.623334  -5.599507  -6.589625   0.009821   0.009508   -4.285434   -5.317507
14   0.007972    6.821666  0.624691  -5.513997  -6.506928   0.010663   0.010301   -4.176475   -5.214723
15   0.008470    6.851865  0.626062  -5.432238  -6.428018   0.011530   0.011117   -4.070939   -5.115474
16   0.008968    6.882588  0.627448  -5.353783  -6.352448   0.012424   0.011956   -3.968376   -5.019312
17   0.009466    6.913837  0.628847  -5.278258  -6.279843   0.013346   0.012817   -3.868408   -4.925859
18   0.009964    6.945629  0.630260  -5.205343  -6.209886   0.014295   0.013701   -3.770714   -4.834798
19   0.010462    6.977972  0.631687  -5.134769  -6.142306   0.015272   0.014610   -3.675021   -4.745857
20   0.010960    7.010876  0.633127  -5.066300  -6.076870   0.016278   0.015542   -3.581091   -4.658799
21   0.011458    7.044350  0.634582  -4.999736  -6.013375   0.017313   0.016499   -3.488721   -4.573423
22   0.011956    7.078406  0.636051  -4.934899  -5.951645   0.018378   0.017481   -3.397730   -4.489551
23   0.012454    7.113054  0.637533  -4.871633  -5.891526   0.019474   0.018488   -3.307961   -4.407026
24   0.012952    7.148306  0.639030  -4.809802  -5.832880   0.020601   0.019521   -3.219273   -4.325710
25   0.013450    7.184171  0.640540  -4.749284  -5.775587   0.021759   0.020580   -3.131541   -4.245481
26   0.013948    7.220663  0.642065  -4.689971  -5.719539   0.022949   0.021666   -3.044655   -4.166229
27   0.014446    7.257791  0.643603  -4.631765  -5.664638   0.024172   0.022778   -2.958515   -4.087857
28   0.014944    7.295568  0.645155  -4.574579  -5.610798   0.025428   0.023918   -2.873029   -4.010276
29   0.015442    7.334005  0.646721  -4.518333  -5.557940   0.026718   0.025086   -2.788116   -3.933406
30   0.015940    7.373117  0.648301  -4.462958  -5.505994   0.028043   0.026282   -2.703702   -3.857177
31   0.016438    7.412909  0.649894  -4.408387  -5.454895   0.029402   0.027507   -2.619718   -3.781520
32   0.016936    7.453399  0.651501  -4.354561  -5.404583   0.030797   0.028761   -2.536102   -3.706378
33   0.017434    7.494598  0.653122  -4.301427  -5.355007   0.032229   0.030044   -2.452797   -3.631694
34   0.017932    7.536519  0.654756  -4.248934  -5.306115   0.033698   0.031358   -2.369750   -3.557418
35   0.018430    7.579171  0.656403  -4.197036  -5.257864   0.035204   0.032701   -2.286912   -3.483505
36   0.018928    7.622570  0.658064  -4.145693  -5.210211   0.036748   0.034076   -2.204237   -3.409911
37   0.019426    7.666725  0.659737  -4.094863  -5.163119   0.038331   0.035482   -2.121684   -3.336597
38   0.019924    7.711652  0.661424  -4.044513  -5.116552   0.039954   0.036920   -2.039213   -3.263526
39   0.020422    7.757362  0.663124  -3.994608  -5.070476   0.041616   0.038390   -1.956788   -3.190664
40   0.020920    7.803866  0.664836  -3.945117  -5.024862   0.043320   0.039892   -1.874373   -3.117979
41   0.021418    7.851178  0.666561  -3.896011  -4.979680   0.045065   0.041428   -1.791936   -3.045443
42   0.021916    7.899308  0.668297  -3.847262  -4.934905   0.046852   0.042997   -1.709447   -2.973026
43   0.022414    7.948273  0.670047  -3.798847  -4.890512   0.048683   0.044600   -1.626878   -2.900703
44   0.022912    7.998078  0.671807  -3.750740  -4.846478   0.050556   0.046237   -1.544200   -2.828451
45   0.023410    8.048742  0.673580  -3.702920  -4.802780   0.052474   0.047909   -1.461388   -2.756246
46   0.023908    8.100270  0.675364  -3.655365  -4.759399   0.054437   0.049617   -1.378418   -2.684066
47   0.024406    8.152677  0.677158  -3.608056  -4.716316   0.056446   0.051361   -1.295266   -2.611891
48   0.024904    8.205972  0.678964  -3.560975  -4.673513   0.058501   0.053140   -1.211910   -2.539703
49   0.025402    8.260168  0.680780  -3.514103  -4.630972   0.060603   0.054957   -1.128328   -2.467483
50   0.025900    8.315273  0.682606  -3.467425  -4.588678   0.062754   0.056811   -1.044501   -2.395214
51   0.026398    8.371298  0.684442  -3.420923  -4.546616   0.064953   0.058702   -0.960409   -2.322879
52   0.026896    8.428252  0.686287  -3.374584  -4.504772   0.067201   0.060632   -0.876033   -2.250463
53   0.027394    8.486146  0.688141  -3.328393  -4.463131   0.069500   0.062600   -0.791356   -2.177952
54   0.027892    8.544986  0.690003  -3.282337  -4.421682   0.071849   0.064608   -0.706359   -2.105330
55   0.028390    8.604783  0.691874  -3.236403  -4.380412   0.074251   0.066655   -0.621027   -2.032585
56   0.028888    8.665543  0.693752  -3.190579  -4.339310   0.076704   0.068742   -0.535343   -1.959704
57   0.029386    8.727274  0.695638  -3.144852  -4.298365   0.079212   0.070870   -0.449292   -1.886674
58   0.029884    8.789982  0.697530  -3.099213  -4.257566   0.081773   0.073039   -0.362858   -1.813483
59   0.030382    8.853674  0.699429  -3.053649  -4.216903   0.084390   0.075250   -0.276027   -1.740120
60   0.030880    8.918355  0.701333  -3.008152  -4.176367   0.087062   0.077502   -0.188785   -1.666573
61   0.031378    8.984027  0.703243  -2.962710  -4.135950   0.089791   0.079798   -0.101118   -1.592833
62   0.031876    9.050705  0.705157  -2.917316  -4.095641   0.092578   0.082137   -0.013012   -1.518888
63   0.032374    9.118380  0.707076  -2.871959  -4.055433   0.095423   0.084519    0.075546   -1.444728
64   0.032872    9.187063  0.708998  -2.826632  -4.015319   0.098327   0.086946    0.164568   -1.370345
65   0.033370    9.256755  0.710923  -2.781325  -3.975290   0.101291   0.089417    0.254067   -1.295727
66   0.033868    9.327459  0.712851  -2.736031  -3.935339   0.104316   0.091934    0.344056   -1.220867
67   0.034366    9.399175  0.714781  -2.690743  -3.895460   0.107404   0.094496    0.434545   -1.145754
68   0.034864    9.471906  0.716712  -2.645451  -3.855645   0.110554   0.097105    0.525548   -1.070381
69   0.035362    9.545649  0.718645  -2.600151  -3.815888   0.113768   0.099762    0.617075   -0.994737
70   0.035860    9.620414  0.720577  -2.554833  -3.776183   0.117046   0.102465    0.709137   -0.918816
71   0.036358    9.696190  0.722510  -2.509493  -3.736523   0.120390   0.105217    0.801747   -0.842609
72   0.036856    9.772981  0.724441  -2.464122  -3.696904   0.123801   0.108017    0.894914   -0.766107
73   0.037354    9.850787  0.726372  -2.418716  -3.657319   0.127279   0.110867    0.988650   -0.689302
74   0.037852    9.929603  0.728300  -2.373267  -3.617764   0.130825   0.113767    1.082964   -0.612187
75   0.038350   10.009436  0.730226  -2.327770  -3.578232   0.134441   0.116717    1.177868   -0.534753
76   0.038848   10.090274  0.732150  -2.282219  -3.538719   0.138128   0.119719    1.273373   -0.456993
77   0.039346   10.172122  0.734070  -2.236609  -3.499220   0.141885   0.122772    1.369486   -0.378900
78   0.039844   10.254976  0.735986  -2.190933  -3.459730   0.145716   0.125878    1.466220   -0.300465
79   0.040342   10.338835  0.737898  -2.145187  -3.420245   0.149619   0.129036    1.563584   -0.221681
80   0.040840   10.423699  0.739805  -2.099366  -3.380759   0.153597   0.132249    1.661588   -0.142541
81   0.041338   10.509562  0.741707  -2.053464  -3.341270   0.157651   0.135516    1.760241   -0.063037
82   0.041836   10.596425  0.743604  -2.007477  -3.301772   0.161781   0.138837    1.859553    0.016838
83   0.042334   10.684286  0.745494  -1.961399  -3.262262   0.165989   0.142215    1.959534    0.097091
84   0.042832   10.773145  0.747378  -1.915226  -3.222735   0.170275   0.145649    2.060193    0.177729
85   0.043330   10.862998  0.749256  -1.868954  -3.183187   0.174641   0.149140    2.161540    0.258759
86   0.043828   10.953848  0.751126  -1.822578  -3.143616   0.179088   0.152688    2.263583    0.340189
87   0.044326   11.045693  0.752990  -1.776094  -3.104016   0.183617   0.156295    2.366333    0.422026
88   0.044824   11.138537  0.754845  -1.729497  -3.064385   0.188229   0.159962    2.469798    0.504276
89   0.045322   11.232372  0.756693  -1.682783  -3.024718   0.192925   0.163688    2.573987    0.586946
90   0.045820   11.327211  0.758533  -1.635949  -2.985013   0.197707   0.167475    2.678910    0.670043
91   0.046318   11.423044  0.760364  -1.588989  -2.945266   0.202575   0.171323    2.784575    0.753575
92   0.046816   11.519887  0.762187  -1.541900  -2.905474   0.207530   0.175233    2.890992    0.837548
93   0.047314   11.617730  0.764001  -1.494679  -2.865633   0.212575   0.179207    2.998169    0.921968
94   0.047812   11.716586  0.765806  -1.447321  -2.825741   0.217709   0.183243    3.106116    1.006842
95   0.048310   11.816459  0.767602  -1.399822  -2.785793   0.222934   0.187345    3.214841    1.092177
96   0.048808   11.917356  0.769390  -1.352180  -2.745788   0.228252   0.191511    3.324354    1.177980
97   0.049306   12.019277  0.771168  -1.304390  -2.705722   0.233664   0.195744    3.434662    1.264256
98   0.049804   12.122233  0.772936  -1.256448  -2.665592   0.239170   0.200043    3.545775    1.351014
99   0.050302   12.226243  0.774696  -1.208352  -2.625395   0.244772   0.204410    3.657702    1.438257
100  0.050800   12.331308  0.776446  -1.160097  -2.585129   0.250472   0.208845    3.770452    1.525994
101  0.051298   12.437433  0.778186  -1.111681  -2.544791   0.256270   0.213349    3.884032    1.614230
102  0.051796   12.544637  0.779918  -1.063099  -2.504377   0.262168   0.217924    3.998453    1.702973
103  0.052294   12.652934  0.781640  -1.014350  -2.463885   0.268167   0.222569    4.113722    1.792227
104  0.052792   12.762336  0.783352  -0.965428  -2.423313   0.274269   0.227286    4.229848    1.881999
105  0.053290   12.872863  0.785055  -0.916332  -2.382658   0.280474   0.232075    4.346840    1.972295
106  0.053788   12.984527  0.786750  -0.867057  -2.341918   0.286785   0.236938    4.464707    2.063121
107  0.054286   13.097348  0.788435  -0.817602  -2.301089   0.293202   0.241875    4.583458    2.154483
108  0.054784   13.211353  0.790111  -0.767962  -2.260169   0.299727   0.246887    4.703101    2.246386
109  0.055282   13.326549  0.791778  -0.718134  -2.219157   0.306361   0.251975    4.823644    2.338838
110  0.055780   13.442974  0.793436  -0.668116  -2.178048   0.313105   0.257140    4.945097    2.431842
111  0.056278   13.560634  0.795085  -0.617904  -2.136842   0.319961   0.262382    5.067468    2.525405
112  0.056776   13.679582  0.796727  -0.567496  -2.095536   0.326931   0.267703    5.190766    2.619533
113  0.057274   13.799823  0.798359  -0.516888  -2.054127   0.334016   0.273103    5.314999    2.714230
114  0.057772   13.921390  0.799984  -0.466078  -2.012613   0.341216   0.278583    5.440177    2.809502
115  0.058270   14.044323  0.801600  -0.415062  -1.970992   0.348534   0.284145    5.566307    2.905355
116  0.058768   14.168654  0.803209  -0.363839  -1.929262   0.355972   0.289788    5.693399    3.001793
117  0.059266   14.294412  0.804810  -0.312403  -1.887420   0.363530   0.295515    5.821462    3.098821
118  0.059764   14.421635  0.806403  -0.260754  -1.845464   0.371210   0.301325    5.950503    3.196445
119  0.060262   14.550373  0.807990  -0.208888  -1.803393   0.379013   0.307219    6.080532    3.294669
120  0.060760   14.680648  0.809569  -0.156803  -1.761204   0.386942   0.313200    6.211558    3.393498
121  0.061258   14.812526  0.811142  -0.104495  -1.718894   0.394997   0.319266    6.343590    3.492937
122  0.061756   14.946053  0.812708  -0.051962  -1.676463   0.403180   0.325420    6.476635    3.592989
123  0.062254   15.081260  0.814268   0.000799  -1.633908   0.411493   0.331662    6.610703    3.693659
124  0.062752   15.218217  0.815822   0.053791  -1.591227   0.419937   0.337994    6.745803    3.794952
125  0.063250   15.356967  0.817370   0.107016  -1.548418   0.428514   0.344415    6.881943    3.896872
126  0.063748   15.497575  0.818912   0.160476  -1.505479   0.437226   0.350926    7.019133    3.999421
127  0.064246   15.640111  0.820450   0.214176  -1.462409   0.446073   0.357530    7.157380    4.102604
128  0.064744   15.784619  0.821982   0.268117  -1.419205   0.455058   0.364226    7.296695    4.206425
129  0.065242   15.931182  0.823510   0.322302  -1.375865   0.464183   0.371015    7.437086    4.310887
130  0.065740   16.079875  0.825034   0.376734  -1.332389   0.473448   0.377899    7.578562    4.415993
131  0.066238   16.230767  0.826554   0.431415  -1.288773   0.482856   0.384877    7.721131    4.521745
132  0.066736   16.383947  0.828070   0.486348  -1.245017   0.492409   0.391951    7.864803    4.628147
133  0.067234   16.539484  0.829583   0.541536  -1.201119   0.502107   0.399123    8.009587    4.735201
134  0.067732   16.697493  0.831092   0.596980  -1.157076   0.511953   0.406391    8.155492    4.842909
135  0.068230   16.858047  0.832600   0.652685  -1.112888   0.521949   0.413758    8.302526    4.951273
136  0.068728   17.021251  0.834104   0.708651  -1.068553   0.532095   0.421224    8.450699    5.060296
137  0.069226   17.187213  0.835607   0.764882  -1.024069   0.542395   0.428789    8.600019    5.169978
138  0.069724   17.356058  0.837109   0.821381  -0.979435   0.552850   0.436455    8.750497    5.280321
139  0.070222   17.527887  0.838609   0.878150  -0.934649   0.563461   0.444223    8.902141    5.391325
140  0.070720   17.702829  0.840108   0.935191  -0.889709   0.574230   0.452092    9.054959    5.502991
141  0.071218   17.881024  0.841607   0.992507  -0.844615   0.585159   0.460064    9.208962    5.615319
142  0.071716   18.062620  0.843106   1.050101  -0.799365   0.596251   0.468139    9.364159    5.728308
143  0.072214   18.247754  0.844606   1.107975  -0.753958   0.607506   0.476318    9.520558    5.841959
144  0.072712   18.436576  0.846106   1.166131  -0.708392   0.618927   0.484601    9.678169    5.956269
145  0.073210   18.629268  0.847607   1.224572  -0.662666   0.630516   0.492989    9.837001    6.071238
146  0.073708   18.826006  0.849111   1.283301  -0.616779   0.642274   0.501483    9.997063    6.186864
147  0.074206   19.026993  0.850616   1.342320  -0.570729   0.654203   0.510083   10.158366    6.303142
148  0.074704   19.232406  0.852124   1.401632  -0.524516   0.666306   0.518789   10.320917    6.420072
149  0.075202   19.442475  0.853635   1.461239  -0.478139   0.678584   0.527601   10.484727    6.537648
150  0.075700   19.657398  0.855149   1.521143  -0.431597   0.691040   0.536521   10.649805    6.655867
151  0.076198   19.877454  0.856668   1.581347  -0.384888   0.703674   0.545548   10.816160    6.774724
152  0.076696   20.102880  0.858191   1.641854  -0.338012   0.716490   0.554683   10.983802    6.894212
153  0.077194   20.333941  0.859719   1.702665  -0.290967   0.729489   0.563925   11.152741    7.014326
154  0.077692   20.570942  0.861253   1.763785  -0.243754   0.742673   0.573275   11.322985    7.135058
155  0.078190   20.814177  0.862792   1.825214  -0.196372   0.756045   0.582732   11.494544    7.256401
156  0.078688   21.063983  0.864338   1.886955  -0.148819   0.769606   0.592298   11.667428    7.378346
157  0.079186   21.320707  0.865891   1.949012  -0.101096   0.783358   0.601970   11.841647    7.500882
158  0.079684   21.584711  0.867452   2.011386  -0.053202   0.797304   0.611750   12.017210    7.623999
159  0.080182   21.856394  0.869020   2.074079  -0.005136   0.811446   0.621637   12.194127    7.747685
160  0.080680   22.136175  0.870598   2.137095   0.043102   0.825785   0.631630   12.372407    7.871929
161  0.081178   22.424495  0.872184   2.200436   0.091512   0.840324   0.641729   12.552061    7.996715
162  0.081676   22.721808  0.873779   2.264103   0.140094   0.855066   0.651933   12.733098    8.122030
163  0.082174   23.028618  0.875384   2.328101   0.188848   0.870011   0.662241   12.915528    8.247857
164  0.082672   23.345488  0.877000   2.392430   0.237774   0.885163   0.672653   13.099360    8.374178
165  0.083170   23.672915  0.878626   2.457095   0.286872   0.900524   0.683167   13.284605    8.500978
166  0.083668   24.011525  0.880263   2.522096   0.336141   0.916096   0.693783   13.471272    8.628235
167  0.084166   24.361915  0.881912   2.587437   0.385582   0.931880   0.704499   13.659371    8.755930
168  0.084664   24.724735  0.883571   2.653119   0.435194   0.947881   0.715313   13.848913    8.884041
169  0.085162   25.100648  0.885243   2.719146   0.484976   0.964099   0.726225   14.039907    9.012548
170  0.085660   25.490367  0.886926   2.785520   0.534927   0.980537   0.737233   14.232364    9.141425
171  0.086158   25.894580  0.888620   2.852244   0.585046   0.997197   0.748334   14.426293    9.270652
172  0.086656   26.314044  0.890325   2.919319   0.635333   1.014082   0.759529   14.621704    9.400203
173  0.087154   26.749511  0.892041   2.986749   0.685787   1.031194   0.770813   14.818608    9.530057
174  0.087652   27.201722  0.893767   3.054535   0.736406   1.048535   0.782187   15.017015    9.660189
175  0.088150   27.671492  0.895503   3.122680   0.787188   1.066109   0.793649   15.216935    9.790575
176  0.088648   28.159493  0.897247   3.191188   0.838134   1.083916   0.805195   15.418378    9.921198
177  0.089146   28.666553  0.898999   3.260059   0.889240   1.101960   0.816826   15.621354   10.052033
178  0.089644   29.193244  0.900757   3.329297   0.940506   1.120243   0.828540   15.825875   10.183068
179  0.090142   29.740236  0.902518   3.398905   0.991930   1.138768   0.840336   16.031949   10.314288
180  0.090640   30.308272  0.904283   3.468884   1.043510   1.157537   0.852212   16.239588   10.445676
181  0.091138   30.897631  0.906048   3.539237   1.095246   1.176552   0.864169   16.448801   10.577233
182  0.091636   31.508896  0.907811   3.609966   1.147134   1.195816   0.876207   16.659600   10.708950
183  0.092134   32.142309  0.909569   3.681075   1.199173   1.215332   0.888325   16.871995   10.840834
184  0.092632   32.798118  0.911320   3.752566   1.251363   1.235102   0.900524   17.085996   10.972890
185  0.093130   33.476325  0.913061   3.824440   1.303701   1.255129   0.912808   17.301614   11.105134
186  0.093628   34.176977  0.914790   3.896701   1.356186   1.275415   0.925175   17.518859   11.237583
187  0.094126   34.899772  0.916503   3.969351   1.408817   1.295964   0.937631   17.737742   11.370264
188  0.094624   35.644502  0.918197   4.042393   1.461593   1.316776   0.950177   17.958274   11.503203
189  0.095122   36.410709  0.919870   4.115829   1.514514   1.337856   0.962818   18.180465   11.636436
190  0.095620   37.197842  0.921518   4.189661   1.567577   1.359206   0.975556   18.404326   11.770002
191  0.096118   38.005246  0.923141   4.263893   1.620784   1.380829   0.988397   18.629868   11.903942
192  0.096616   38.832219  0.924734   4.338526   1.674134   1.402727   1.001344   18.857102   12.038300
193  0.097114   39.677942  0.926297   4.413564   1.727627   1.424903   1.014404   19.086038   12.173122
194  0.097612   40.541728  0.927827   4.489008   1.781263   1.447359   1.027580   19.316687   12.308451
195  0.098110   41.422596  0.929324   4.564861   1.835043   1.470100   1.040878   19.549060   12.444337
196  0.098608   42.319737  0.930786   4.641126   1.888968   1.493127   1.054303   19.783169   12.580825
197  0.099106   43.232289  0.932213   4.717806   1.943038   1.516442   1.067859   20.019024   12.717958
198  0.099604   44.159436  0.933603   4.794902   1.997254   1.540050   1.081553   20.256635   12.855780
199  0.100102   45.100428  0.934957   4.872418   2.051619   1.563953   1.095387   20.496015   12.994330
200  0.100600   46.054377  0.936274   4.950355   2.106133   1.588154   1.109368   20.737175   13.133650
201  0.101098   47.020737  0.937555   5.028717   2.160799   1.612655   1.123499   20.980124   13.273770
202  0.101596   47.998802  0.938801   5.107507   2.215617   1.637460   1.137785   21.224875   13.414727
203  0.102094   48.987864  0.940010   5.186726   2.270590   1.662572   1.152229   21.471439   13.556552
204  0.102592   49.987464  0.941186   5.266377   2.325720   1.687992   1.166836   21.719827   13.699273
205  0.103090   50.997006  0.942327   5.346462   2.381009   1.713726   1.181608   21.970049   13.842917
206  0.103588   52.016143  0.943434   5.426986   2.436460   1.739774   1.196550   22.222119   13.987506
207  0.104086   53.044451  0.944510   5.507949   2.492074   1.766141   1.211664   22.476046   14.133062
208  0.104584   54.081466  0.945554   5.589354   2.547853   1.792830   1.226954   22.731842   14.279608
209  0.105082   55.126934  0.946567   5.671205   2.603801   1.819843   1.242422   22.989519   14.427160
210  0.105580   56.180558  0.947551   5.753504   2.659920   1.847184   1.258072   23.249088   14.575735
211  0.106078   57.242163  0.948507   5.836252   2.716211   1.874855   1.273905   23.510561   14.725347
212  0.106576   58.311424  0.949434   5.919454   2.772678   1.902861   1.289925   23.773949   14.876014
213  0.107074   59.388159  0.950335   6.003111   2.829323   1.931203   1.306134   24.039263   15.027747
214  0.107572   60.472394  0.951211   6.087227   2.886148   1.959885   1.322534   24.306516   15.180556
215  0.108070   61.563772  0.952062   6.171803   2.943157   1.988911   1.339128   24.575718   15.334456
216  0.108568   62.662258  0.952888   6.256843   3.000350   2.018283   1.355917   24.846883   15.489456
217  0.109066   63.767779  0.953692   6.342349   3.057732   2.048006   1.372905   25.120020   15.645567
218  0.109564   64.880285  0.954474   6.428323   3.115304   2.078081   1.390092   25.395143   15.802796
219  0.110062   65.999603  0.955234   6.514769   3.173070   2.108512   1.407482   25.672262   15.961155
220  0.110560   67.125803  0.955974   6.601689   3.231030   2.139303   1.425076   25.951390   16.120651
221  0.111058   68.258751  0.956693   6.689085   3.289189   2.170457   1.442877   26.232538   16.281293
222  0.111556   69.398578  0.957394   6.776961   3.347548   2.201977   1.460886   26.515719   16.443086
223  0.112054   70.545133  0.958077   6.865319   3.406110   2.233867   1.479105   26.800944   16.606041
224  0.112552   71.698458  0.958742   6.954161   3.464877   2.266129   1.497537   27.088226   16.770163
225  0.113050   72.858532  0.959389   7.043491   3.523853   2.298768   1.516182   27.377576   16.935462
226  0.113548   74.025413  0.960021   7.133310   3.583038   2.331787   1.535045   27.669006   17.101942
227  0.114046   75.199191  0.960636   7.223623   3.642436   2.365189   1.554125   27.962529   17.269609
228  0.114544   76.379795  0.961237   7.314431   3.702049   2.398978   1.573425   28.258157   17.438472
229  0.115042   77.566859  0.961822   7.405737   3.761880   2.433157   1.592948   28.555901   17.608547
230  0.115540   78.761189  0.962394   7.497544   3.821930   2.467730   1.612695   28.855774   17.779822
231  0.116038   79.962330  0.962952   7.589854   3.882203   2.502700   1.632668   29.157789   17.952315
232  0.116536   81.170345  0.963496   7.682671   3.942701   2.538071   1.652869   29.461957   18.126033
233  0.117034   82.385381  0.964028   7.775996   4.003425   2.573846   1.673300   29.768291   18.300979
234  0.117532   83.607503  0.964547   7.869834   4.064379   2.610030   1.693963   30.076804   18.477159
235  0.118030   84.836602  0.965055   7.964185   4.125564   2.646625   1.714860   30.387507   18.654584
236  0.118528   86.072918  0.965551   8.059054   4.186983   2.683635   1.735993   30.700413   18.833256
237  0.119026   87.316410  0.966036   8.154443   4.248638   2.721064   1.757365   31.015534   19.013183
238  0.119524   88.567048  0.966510   8.250355   4.310532   2.758916   1.778976   31.332884   19.194373
239  0.120022   89.824877  0.966973   8.346792   4.372667   2.797195   1.800830   31.652474   19.376834
240  0.120520   91.090113  0.967427   8.443758   4.435045   2.835903   1.822928   31.974317   19.560568
241  0.121018   92.362641  0.967871   8.541254   4.497668   2.875045   1.845272   32.298427   19.745585
242  0.121516   93.642725  0.968305   8.639285   4.560539   2.914626   1.867865   32.624814   19.931888
243  0.122014   94.930183  0.968731   8.737851   4.623659   2.954647   1.890708   32.953493   20.119489
244  0.122512   96.225151  0.969147   8.836958   4.687032   2.995114   1.913804   33.284476   20.308392
245  0.123010   97.527723  0.969555   8.936606   4.750659   3.036031   1.937155   33.617776   20.498603
246  0.123508   98.837989  0.969954   9.036800   4.814542   3.077400   1.960762   33.953405   20.690129
247  0.124006  100.155949  0.970346   9.137541   4.878684   3.119227   1.984628   34.291377   20.882977
248  0.124504  101.481669  0.970729   9.238833   4.943087   3.161514   2.008756   34.631704   21.077154
249  0.125002  102.815065  0.971105   9.340678   5.007753   3.204266   2.033147   34.974399   21.272671
250  0.125500  104.156294  0.971474   9.443080   5.072685   3.247488   2.057804   35.319476   21.469531
251  0.125998  105.505605  0.971835   9.546041   5.137884   3.291182   2.082729   35.666947   21.667738
252  0.126496  106.862812  0.972189   9.649564   5.203352   3.335353   2.107923   36.016825   21.867303
253  0.126994  108.228148  0.972537   9.753652   5.269092   3.380005   2.133390   36.369123   22.068232
254  0.127492  109.601325  0.972878   9.858307   5.335107   3.425142   2.159132   36.723855   22.270536
255  0.127990  110.982767  0.973212   9.963533   5.401397   3.470769   2.185150   37.081034   22.474217
256  0.128488  112.372490  0.973541  10.069333   5.467966   3.516889   2.211448   37.440673   22.679282
257  0.128986  113.770319  0.973863  10.175708   5.534815   3.563506   2.238027   37.802785   22.885743
258  0.129484  115.176466  0.974179  10.282663   5.601946   3.610625   2.264890   38.167384   23.093604
259  0.129982  116.591092  0.974490  10.390201   5.669362   3.658250   2.292039   38.534482   23.302871
260  0.130480  118.014079  0.974795  10.498323   5.737065   3.706385   2.319476   38.904093   23.513555
261  0.130978  119.445534  0.975094  10.607033   5.805057   3.755034   2.347205   39.276231   23.725660
262  0.131476  120.885474  0.975388  10.716334   5.873340   3.804202   2.375227   39.650910   23.939197
263  0.131974  122.334102  0.975677  10.826228   5.941916   3.853893   2.403544   40.028141   24.154170
264  0.132472  123.791297  0.975961  10.936720   6.010788   3.904111   2.432159   40.407940   24.370588
265  0.132970  125.257226  0.976240  11.047811   6.079956   3.954861   2.461076   40.790319   24.588459
266  0.133468  126.731867  0.976515  11.159504   6.149425   4.006147   2.490295   41.175293   24.807790
267  0.133966  128.215331  0.976784  11.271804   6.219195   4.057974   2.519819   41.562874   25.028589
268  0.134464  129.707653  0.977049  11.384711   6.289268   4.110345   2.549652   41.953077   25.250863
269  0.134962  131.208885  0.977310  11.498230   6.359647   4.163265   2.579795   42.345915   25.474621
270  0.135460  132.719107  0.977566  11.612364   6.430334   4.216740   2.610251   42.741402   25.699869
271  0.135958  134.238436  0.977818  11.727114   6.501332   4.270772   2.641023   43.139552   25.926615
272  0.136456  135.766826  0.978066  11.842486   6.572641   4.325368   2.672112   43.540379   26.154867
273  0.136954  137.304081  0.978310  11.958480   6.644264   4.380531   2.703523   43.943896   26.384638
274  0.137452  138.850916  0.978550  12.075101   6.716204   4.436266   2.735256   44.350118   26.615925
275  0.137950  140.406769  0.978786  12.192351   6.788461   4.492577   2.767316   44.759058   26.848745
276  0.138448  141.971939  0.979018  12.310234   6.861040   4.549470   2.799704   45.170731   27.083103
277  0.138946  143.546528  0.979246  12.428752   6.933940   4.606949   2.832423   45.585150   27.319006
278  0.139444  145.130481  0.979471  12.547908   7.007166   4.665018   2.865476   46.002329   27.556463
279  0.139942  146.723995  0.979693  12.667706   7.080718   4.723683   2.898865   46.422283   27.795481
280  0.140440  148.326793  0.979911  12.788148   7.154598   4.782948   2.932594   46.845026   28.036072
281  0.140938  149.939497  0.980125  12.909238   7.228810   4.842818   2.966664   47.270572   28.278237
282  0.141436  151.561583  0.980337  13.030979   7.303354   4.903297   3.001079   47.698935   28.521991
283  0.141934  153.193619  0.980545  13.153373   7.378233   4.964391   3.035841   48.130129   28.767335
284  0.142432  154.835117  0.980750  13.276424   7.453449   5.026104   3.070953   48.564170   29.014286
285  0.142930  156.486432  0.980952  13.400135   7.529005   5.088442   3.106418   49.001070   29.262847
286  0.143428  158.147709  0.981150  13.524508   7.604901   5.151408   3.142239   49.440845   29.513026
287  0.143926  159.818728  0.981346  13.649548   7.681141   5.215009   3.178418   49.883509   29.764834
288  0.144424  161.499913  0.981539  13.775256   7.757726   5.279249   3.214957   50.329077   30.018274
289  0.144922  163.190926  0.981729  13.901637   7.834658   5.344133   3.251862   50.777562   30.273360
290  0.145420  164.892086  0.981917  14.028693   7.911940   5.409666   3.289133   51.228980   30.530098
291  0.145918  166.603295  0.982101  14.156428   7.989574   5.475853   3.326773   51.683345   30.788497
292  0.146416  168.324684  0.982283  14.284844   8.067561   5.542699   3.364787   52.140671   31.048564
293  0.146914  170.056306  0.982463  14.413944   8.145903   5.610209   3.403176   52.600974   31.310309
294  0.147412  171.798173  0.982639  14.543733   8.224604   5.678389   3.441943   53.064268   31.573740
295  0.147910  173.550447  0.982814  14.674212   8.303664   5.747244   3.481091   53.530568   31.838865
296  0.148408  175.313046  0.982985  14.805386   8.383086   5.816778   3.520625   53.999889   32.105692
297  0.148906  177.086080  0.983155  14.937256   8.462873   5.886997   3.560545   54.472245   32.374232
298  0.149404  178.869683  0.983322  15.069828   8.543025   5.957906   3.600855   54.947651   32.644490
299  0.149902  180.663892  0.983486  15.203103   8.623546   6.029511   3.641559   55.426122   32.916476
300  0.150400  182.468386  0.983649  15.337084   8.704436   6.101817   3.682659   55.907674   33.190203
301  0.150898  184.283613  0.983809  15.471776   8.785699   6.174828   3.724159   56.392320   33.465676
302  0.151396  186.109612  0.983967  15.607181   8.867337   6.248551   3.766061   56.880077   33.742901
303  0.151894  187.946402  0.984123  15.743302   8.949351   6.322991   3.808368   57.370959   34.021890
304  0.152392  189.793935  0.984277  15.880143   9.031743   6.398154   3.851084   57.864982   34.302651
305  0.152890  191.652241  0.984428  16.017707   9.114516   6.474043   3.894212   58.362159   34.585195
306  0.153388  193.521727  0.984578  16.155996   9.197672   6.550666   3.937754   58.862508   34.869524
307  0.153886  195.402075  0.984726  16.295015   9.281213   6.628028   3.981714   59.366042   35.155654
308  0.154384  197.293505  0.984871  16.434767   9.365141   6.706134   4.026095   59.872778   35.443590
309  0.154882  199.195781  0.985015  16.575254   9.449458   6.784989   4.070901   60.382729   35.733344
310  0.155380  201.109211  0.985157  16.716481   9.534165   6.864600   4.116134   60.895913   36.024924
311  0.155878  203.034005  0.985297  16.858450   9.619266   6.944972   4.161797   61.412344   36.318335
312  0.156376  204.970020  0.985435  17.001164   9.704763   7.026110   4.207895   61.932037   36.613590
313  0.156874  206.917157  0.985572  17.144627   9.790657   7.108021   4.254429   62.455008   36.910698
314  0.157372  208.875718  0.985706  17.288843   9.876950   7.190709   4.301404   62.981273   37.209666
315  0.157870  210.845652  0.985839  17.433814   9.963645   7.274181   4.348823   63.510847   37.510504
316  0.158368  212.827113  0.985970  17.579543  10.050743   7.358443   4.396688   64.043746   37.813221
317  0.158866  214.820185  0.986100  17.726035  10.138248   7.443500   4.445003   64.579984   38.117824
318  0.159364  216.824637  0.986228  17.873292  10.226160   7.529357   4.493772   65.119579   38.424326
319  0.159862  218.840759  0.986354  18.021318  10.314483   7.616022   4.542998   65.662546   38.732734
320  0.160360  220.868447  0.986479  18.170116  10.403217   7.703499   4.592685   66.208899   39.043058
321  0.160858  222.907914  0.986602  18.319689  10.492366   7.791795   4.642835   66.758656   39.355306
322  0.161356  224.959168  0.986724  18.470041  10.581931   7.880916   4.693452   67.311832   39.669488
323  0.161854  227.022326  0.986844  18.621176  10.671915   7.970867   4.744539   67.868442   39.985611
324  0.162352  229.097074  0.986962  18.773095  10.762320   8.061655   4.796101   68.428504   40.303690
325  0.162850  231.184301  0.987079  18.925804  10.853147   8.153285   4.848139   68.992031   40.623725
326  0.163348  233.283193  0.987195  19.079304  10.944399   8.245764   4.900658   69.559042   40.945734
327  0.163846  235.394119  0.987310  19.233600  11.036078   8.339098   4.953662   70.129551   41.269723
328  0.164344  237.516917  0.987422  19.388696  11.128186   8.433293   5.007154   70.703575   41.595704
329  0.164842  239.652094  0.987534  19.544593  11.220726   8.528354   5.061137   71.281130   41.923682
330  0.165340  241.799494  0.987644  19.701297  11.313699   8.624289   5.115614   71.862231   42.253667
331  0.165838  243.959002  0.987753  19.858809  11.407107   8.721103   5.170591   72.446896   42.585671
332  0.166336  246.131037  0.987861  20.017135  11.500954   8.818803   5.226069   73.035140   42.919701
333  0.166834  248.315219  0.987967  20.176276  11.595240   8.917395   5.282053   73.626979   43.255768
334  0.167332  250.511855  0.988072  20.336237  11.689968   9.016885   5.338546   74.222431   43.593882
335  0.167830  252.721489  0.988176  20.497021  11.785140   9.117279   5.395551   74.821510   43.934046
336  0.168328  254.942806  0.988279  20.658631  11.880759   9.218585   5.453074   75.424235   44.276283
337  0.168826  257.177113  0.988380  20.821071  11.976826   9.320807   5.511116   76.030620   44.620591
338  0.169324  259.424324  0.988481  20.984344  12.073344   9.423954   5.569682   76.640682   44.966981
339  0.169822  261.683950  0.988580  21.148454  12.170314   9.528030   5.628776   77.254439   45.315467
340  0.170320  263.956449  0.988678  21.313405  12.267739   9.633044   5.688401   77.871906   45.666055
341  0.170818  266.241560  0.988774  21.479199  12.365622   9.739000   5.748561   78.493100   46.018758
342  0.171316  268.539613  0.988870  21.645841  12.463964   9.845907   5.809260   79.118038   46.373584
343  0.171814  270.850547  0.988965  21.813333  12.562767   9.953770   5.870502   79.746736   46.730541
344  0.172312  273.174488  0.989058  21.981680  12.662034  10.062595   5.932290   80.379211   47.089641
345  0.172810  275.511374  0.989151  22.150885  12.761767  10.172391   5.994628   81.015480   47.450893
346  0.173308  277.861316  0.989242  22.320951  12.861967  10.283162   6.057520   81.655559   47.814307
347  0.173806  280.224626  0.989333  22.491882  12.962638  10.394917   6.120970   82.299466   48.179891
348  0.174304  282.601000  0.989422  22.663681  13.063782  10.507661   6.184981   82.947217   48.547657
349  0.174802  284.990627  0.989510  22.836352  13.165399  10.621402   6.249559   83.598829   48.917614
350  0.175300  287.393341  0.989598  23.009899  13.267494  10.736147   6.314706   84.254319   49.289773
351  0.175798  289.809641  0.989684  23.184325  13.370067  10.851901   6.380426   84.913704   49.664142
352  0.176296  292.239593  0.989770  23.359634  13.473122  10.968673   6.446723   85.577001   50.040729
353  0.176794  294.682649  0.989854  23.535829  13.576660  11.086469   6.513602   86.244227   50.419551
354  0.177292  297.139135  0.989938  23.712914  13.680684  11.205295   6.581067   86.915400   50.800613
355  0.177790  299.609795  0.990020  23.890892  13.785195  11.325160   6.649120   87.590535   51.183921
356  0.178288  302.093412  0.990102  24.069768  13.890196  11.446069   6.717767   88.269652   51.569496
357  0.178786  304.590926  0.990183  24.249544  13.995690  11.568030   6.787011   88.952765   51.957340
358  0.179284  307.102246  0.990263  24.430224  14.101678  11.691050   6.856857   89.639894   52.347463
359  0.179782  309.627455  0.990342  24.611813  14.208163  11.815137   6.927309   90.331055   52.739877
360  0.180280  312.166425  0.990421  24.794313  14.315146  11.940296   6.998370   91.026266   53.134593
361  0.180778  314.719370  0.990498  24.977728  14.422631  12.066536   7.070045   91.725543   53.531619
362  0.181276  317.286791  0.990575  25.162063  14.530619  12.193864   7.142337   92.428905   53.930962
363  0.181774  319.867049  0.990650  25.347320  14.639112  12.322287   7.215252   93.136369   54.332646
364  0.182272  322.462076  0.990725  25.533503  14.748113  12.451811   7.288794   93.847952   54.736666
365  0.182770  325.071232  0.990800  25.720616  14.857625  12.582445   7.362965   94.563672   55.143038
366  0.183268  327.694361  0.990873  25.908662  14.967648  12.714196   7.437772   95.283546   55.551774
367  0.183766  330.332196  0.990946  26.097646  15.078186  12.847071   7.513216   96.007592   55.962878
368  0.184264  332.983695  0.991018  26.287571  15.189241  12.981078   7.589305   96.735828   56.376370
369  0.184762  335.650283  0.991089  26.478440  15.300816  13.116223   7.666040   97.468271   56.792249
370  0.185260  338.330737  0.991159  26.670258  15.412911  13.252515   7.743428   98.204940   57.210535
371  0.185758  341.026105  0.991229  26.863028  15.525530  13.389961   7.821471   98.945851   57.631232
372  0.186256  343.735672  0.991298  27.056754  15.638675  13.528568   7.900175   99.691023   58.054355
373  0.186754  346.460065  0.991366  27.251440  15.752348  13.668345   7.979543  100.440474   58.479910
374  0.187252  349.198898  0.991434  27.447089  15.866551  13.809298   8.059581  101.194221   58.907912
375  0.187750  351.952518  0.991500  27.643705  15.981287  13.951436   8.140292  101.952283   59.338368
376  0.188248  354.721535  0.991567  27.841292  16.096558  14.094765   8.221680  102.714677   59.771286
377  0.188746  357.504050  0.991632  28.039853  16.212366  14.239294   8.303752  103.481421   60.206688
378  0.189244  360.302066  0.991697  28.239393  16.328714  14.385031   8.386511  104.252534   60.644573
379  0.189742  363.115866  0.991761  28.439915  16.445603  14.531983   8.469959  105.028033   61.084949
380  0.190240  365.942937  0.991824  28.641423  16.563037  14.680158   8.554105  105.807937   61.527845
381  0.190738  368.786036  0.991887  28.843921  16.681017  14.829563   8.638950  106.592264   61.973252
382  0.191236  371.644742  0.991949  29.047412  16.799546  14.980208   8.724500  107.381032   62.421185
383  0.191734  374.518999  0.992011  29.251901  16.918625  15.132099   8.810758  108.174259   62.871654
384  0.192232  377.407149  0.992072  29.457391  17.038258  15.285245   8.897732  108.971964   63.324683
385  0.192730  380.310792  0.992132  29.663887  17.158447  15.439654   8.985424  109.774164   63.780271
386  0.193228  383.230004  0.992192  29.871391  17.279194  15.595333   9.073839  110.580879   64.238429
387  0.193726  386.164867  0.992251  30.079908  17.400501  15.752291   9.162981  111.392127   64.699167
388  0.194224  389.115181  0.992310  30.289441  17.522370  15.910536   9.252856  112.207926   65.162499
389  0.194722  392.080556  0.992368  30.499995  17.644805  16.070076   9.343469  113.028295   65.628437
390  0.195220  395.061239  0.992425  30.711573  17.767807  16.230918   9.434823  113.853252   66.096991
391  0.195718  398.058049  0.992482  30.924180  17.891378  16.393073   9.526924  114.682816   66.568167
392  0.196216  401.071183  0.992539  31.137818  18.015521  16.556546   9.619775  115.517005   67.041975
393  0.196714  404.099705  0.992594  31.352493  18.140239  16.721348   9.713382  116.355838   67.518433
394  0.197212  407.143548  0.992650  31.568208  18.265533  16.887486   9.807751  117.199334   67.997551
395  0.197710  410.203988  0.992704  31.784966  18.391407  17.054968   9.902884  118.047512   68.479334
396  0.198208  413.280172  0.992759  32.002772  18.517861  17.223803   9.998788  118.900389   68.963797
397  0.198706  416.371603  0.992812  32.221630  18.644899  17.393999  10.095468  119.757986   69.450956
398  0.199204  419.480024  0.992865  32.441543  18.772524  17.565565  10.192927  120.620321   69.940810
399  0.199702  422.604060  0.992918  32.662516  18.900736  17.738510  10.291172  121.487413   70.433380
400  0.200200  425.744702  0.992970  32.884553  19.029540  17.912841  10.390206  122.359281   70.928670
401  0.200698  428.900476  0.993022  33.107657  19.158937  18.088567  10.490036  123.235943   71.426702
402  0.201196  432.073700  0.993073  33.331832  19.288929  18.265697  10.590664  124.117419   71.927472
403  0.201694  435.262929  0.993123  33.557083  19.419519  18.444240  10.692098  125.003728   72.431001
404  0.202192  438.468627  0.993174  33.783413  19.550710  18.624204  10.794341  125.894889   72.937298
405  0.202690  441.690786  0.993223  34.010826  19.682503  18.805597  10.897399  126.790921   73.446373
406  0.203188  444.929126  0.993273  34.239327  19.814901  18.988430  11.001277  127.691843   73.958240
407  0.203686  448.184586  0.993321  34.468919  19.947907  19.172710  11.105979  128.597675   74.472906
408  0.204184  451.455878  0.993370  34.699607  20.081523  19.358446  11.211512  129.508436   74.990388
409  0.204682  454.745761  0.993417  34.931393  20.215751  19.545647  11.317877  130.424144   75.510683
410  0.205180  458.050021  0.993465  35.164284  20.350593  19.734323  11.425086  131.344820   76.033827
411  0.205678  461.372836  0.993512  35.398281  20.486053  19.924481  11.533138  132.270483   76.559807
412  0.206176  464.711918  0.993558  35.633391  20.622132  20.116131  11.642040  133.201152   77.088648
413  0.206674  468.067745  0.993604  35.869616  20.758834  20.309282  11.751799  134.136847   77.620358
414  0.207172  471.441956  0.993650  36.106960  20.896159  20.503943  11.862416  135.077587   78.154941
415  0.207670  474.831350  0.993695  36.345428  21.034112  20.700123  11.973902  136.023391   78.692426
416  0.208168  478.238886  0.993740  36.585024  21.172694  20.897831  12.086258  136.974280   79.232808
417  0.208666  481.663213  0.993785  36.825751  21.311907  21.097076  12.199491  137.930272   79.776106
418  0.209164  485.105680  0.993829  37.067615  21.451754  21.297868  12.313604  138.891388   80.322325
419  0.209662  488.564202  0.993872  37.310619  21.592238  21.500215  12.428606  139.857648   80.871488
420  0.210160  492.040472  0.993915  37.554766  21.733362  21.704128  12.544500  140.829070   81.423597
421  0.210658  495.534165  0.993958  37.800062  21.875126  21.909614  12.661292  141.805675   81.978666
422  0.211156  499.046684  0.994001  38.046511  22.017534  22.116685  12.778985  142.787483   82.536699
423  0.211654  502.574808  0.994043  38.294116  22.160589  22.325348  12.897589  143.774513   83.097726
424  0.212152  506.121845  0.994084  38.542881  22.304293  22.535614  13.017105  144.766785   83.661740
425  0.212650  509.686383  0.994126  38.792811  22.448648  22.747491  13.137541  145.764320   84.228762
426  0.213148  513.268743  0.994166  39.043911  22.593656  22.960990  13.258902  146.767137   84.798800
427  0.213646  516.868541  0.994207  39.296183  22.739321  23.176120  13.381193  147.775257   85.371870
428  0.214144  520.486741  0.994247  39.549632  22.885645  23.392890  13.504420  148.788698   85.947978
429  0.214642  524.122180  0.994287  39.804263  23.032630  23.611311  13.628589  149.807482   86.527142
430  0.215140  527.776735  0.994327  40.060080  23.180278  23.831391  13.753703  150.831629   87.109364
431  0.215638  531.448294  0.994366  40.317087  23.328593  24.053141  13.879772  151.861159   87.694668
432  0.216136  535.138195  0.994404  40.575287  23.477577  24.276569  14.006798  152.896091   88.283058
433  0.216634  538.846426  0.994443  40.834686  23.627231  24.501687  14.134787  153.936447   88.874547
434  0.217132  542.572589  0.994481  41.095287  23.777560  24.728503  14.263746  154.982246   89.469149
435  0.217630  546.317910  0.994519  41.357095  23.928564  24.957028  14.393679  156.033510   90.066869
436  0.218128  550.081413  0.994556  41.620114  24.080247  25.187271  14.524593  157.090257   90.667726
437  0.218626  553.862784  0.994593  41.884348  24.232612  25.419243  14.656495  158.152510   91.271731
438  0.219124  557.663578  0.994630  42.149801  24.385660  25.652953  14.789387  159.220287   91.878891
439  0.219622  561.481672  0.994667  42.416478  24.539394  25.888412  14.923278  160.293610   92.489227
440  0.220120  565.319285  0.994703  42.684383  24.693818  26.125628  15.058172  161.372500   93.102742
441  0.220618  569.175540  0.994738  42.953520  24.848932  26.364614  15.194076  162.456976   93.719450
442  0.221116  573.050210  0.994774  43.223893  25.004741  26.605377  15.330995  163.547060   94.339367
443  0.221614  576.944666  0.994809  43.495508  25.161246  26.847930  15.468935  164.642771   94.962497
444  0.222112  580.857321  0.994844  43.768367  25.318449  27.092281  15.607902  165.744132   95.588861
445  0.222610  584.788392  0.994879  44.042476  25.476355  27.338442  15.747902  166.851162   96.218469
446  0.223108  588.739316  0.994913  44.317838  25.634964  27.586422  15.888940  167.963883   96.851327
447  0.223606  592.709318  0.994947  44.594459  25.794280  27.836232  16.031023  169.082315   97.487452
448  0.224104  596.697465  0.994981  44.872341  25.954305  28.087881  16.174158  170.206478   98.126860
449  0.224602  600.705540  0.995014  45.151491  26.115042  28.341382  16.318349  171.336395   98.769554
450  0.225100  604.733100  0.995047  45.431911  26.276493  28.596743  16.463602  172.472086   99.415551
451  0.225598  608.780016  0.995080  45.713607  26.438661  28.853976  16.609924  173.613571  100.064862
452  0.226096  612.846643  0.995113  45.996582  26.601549  29.113091  16.757320  174.760872  100.717499
453  0.226594  616.932384  0.995145  46.280842  26.765158  29.374098  16.905797  175.914011  101.373476
454  0.227092  621.037720  0.995177  46.566390  26.929493  29.637009  17.055361  177.073007  102.032805
455  0.227590  625.162299  0.995209  46.853231  27.094554  29.901833  17.206019  178.237883  102.695499
456  0.228088  629.305667  0.995240  47.141369  27.260345  30.168582  17.357777  179.408659  103.361572
457  0.228586  633.471127  0.995272  47.430808  27.426869  30.437266  17.510637  180.585356  104.031023
458  0.229084  637.655552  0.995303  47.721554  27.594127  30.707895  17.664610  181.767997  104.703878
459  0.229582  641.857722  0.995333  48.013610  27.762124  30.980482  17.819703  182.956602  105.380156
460  0.230080  646.082606  0.995364  48.306981  27.930860  31.255036  17.975917  184.151192  106.059846
461  0.230578  650.326862  0.995394  48.601672  28.100339  31.531569  18.133262  185.351790  106.742977
462  0.231076  654.591819  0.995424  48.897686  28.270564  31.810091  18.291743  186.558415  107.429555
463  0.231574  658.875123  0.995454  49.195028  28.441537  32.090613  18.451368  187.771091  108.119602
464  0.232072  663.179526  0.995483  49.493703  28.613260  32.373147  18.612142  188.989838  108.813121
465  0.232570  667.504160  0.995512  49.793715  28.785737  32.657703  18.774071  190.214678  109.510127
466  0.233068  671.849015  0.995541  50.095069  28.958970  32.944293  18.937163  191.445632  110.210634
467  0.233566  676.215293  0.995570  50.397769  29.132962  33.232928  19.101421  192.682723  110.914648
468  0.234064  680.600281  0.995599  50.701819  29.307714  33.523618  19.266857  193.925971  111.622195
469  0.234562  685.005887  0.995627  51.007224  29.483231  33.816375  19.433473  195.175399  112.333278
470  0.235060  689.434113  0.995655  51.313989  29.659514  34.111211  19.601275  196.431028  113.047903
471  0.235558  693.879783  0.995683  51.622118  29.836566  34.408137  19.770274  197.692880  113.766104
472  0.236056  698.348899  0.995710  51.931615  30.014391  34.707163  19.940471  198.960977  114.487869
473  0.236554  702.838435  0.995738  52.242486  30.192989  35.008302  20.111876  200.235341  115.213223
474  0.237052  707.348350  0.995765  52.554734  30.372365  35.311565  20.284496  201.515994  115.942180
475  0.237550  711.879467  0.995792  52.868365  30.552521  35.616962  20.458335  202.802957  116.674748
476  0.238048  716.433101  0.995818  53.183382  30.733460  35.924507  20.633400  204.096253  117.410937
477  0.238546  721.004509  0.995845  53.499790  30.915183  36.234210  20.809702  205.395903  118.150777
478  0.239044  725.598513  0.995871  53.817594  31.097695  36.546083  20.987243  206.701930  118.894264
479  0.239542  730.214072  0.995897  54.136799  31.280997  36.860138  21.166031  208.014356  119.641412
480  0.240040  734.849717  0.995923  54.457409  31.465093  37.176386  21.346073  209.333203  120.392243
481  0.240538  739.507716  0.995949  54.779428  31.649984  37.494839  21.527375  210.658493  121.146759
482  0.241036  744.188878  0.995974  55.102861  31.835674  37.815508  21.709943  211.990249  121.904971
483  0.241534  748.890204  0.995999  55.427714  32.022166  38.138407  21.893786  213.328492  122.666904
484  0.242032  753.611848  0.996024  55.753989  32.209462  38.463545  22.078911  214.673246  123.432570
485  0.242530  758.353481  0.996049  56.081693  32.397565  38.790937  22.265326  216.024531  124.201984
486  0.243028  763.120588  0.996074  56.410830  32.586477  39.120592  22.453031  217.382372  124.975137
487  0.243526  767.909519  0.996098  56.741403  32.776201  39.452524  22.642038  218.746789  125.752058
488  0.244024  772.718399  0.996123  57.073419  32.966741  39.786744  22.832356  220.117807  126.532766
489  0.244522  777.550866  0.996147  57.406881  33.158098  40.123264  23.023987  221.495446  127.317260
490  0.245020  782.403182  0.996171  57.741795  33.350276  40.462097  23.216942  222.879730  128.105569
491  0.245518  787.279994  0.996194  58.078164  33.543277  40.803255  23.411224  224.270682  128.897688
492  0.246016  792.175486  0.996218  58.415994  33.737104  41.146749  23.606846  225.668323  129.693653
493  0.246514  797.095096  0.996241  58.755290  33.931759  41.492593  23.803810  227.072678  130.493455
494  0.247012  802.038111  0.996264  59.096055  34.127247  41.840798  24.002123  228.483767  131.297112
495  0.247510  807.001938  0.996287  59.438295  34.323568  42.191376  24.201795  229.901615  132.104646
496  0.248008  811.989034  0.996310  59.782015  34.520726  42.544341  24.402830  231.326243  132.916062
497  0.248506  816.996726  0.996333  60.127218  34.718725  42.899704  24.605240  232.757676  133.731382
498  0.249004  822.029417  0.996355  60.473911  34.917565  43.257479  24.809026  234.195935  134.550606
499  0.249502  827.080594  0.996377  60.822097  35.117251  43.617677  25.014201  235.641044  135.373768
500  0.250000  832.159864  0.996399  61.171781  35.317785  43.980311  25.220766  237.093025  136.200849
501  0.250498  837.257530  0.996421  61.522969  35.519170  44.345394  25.428735  238.551901  137.031896