      density       alpha     S_nem     F(iso)     F(nem)     P(iso)     P(nem)     mu(iso)     mu(nem)
0    0.001000    3.167494  0.348527  -7.869999  -8.147256   0.001038   0.001037   -6.831947   -7.110742
1    0.001498    3.175305  0.349448  -7.446845  -7.724873   0.001584   0.001581   -6.389399   -6.669761
2    0.001996    3.183250  0.350383  -7.140659  -7.419468   0.002150   0.002144   -6.063521   -6.345483
3    0.002494    3.191331  0.351332  -6.898596  -7.178197   0.002736   0.002726   -5.801465   -6.085060
4    0.002992    3.199550  0.352295  -6.697072  -6.977476   0.003343   0.003329   -5.579646   -5.864906
5    0.003490    3.207910  0.353273  -6.523492  -6.804710   0.003972   0.003952   -5.385467   -5.672425
6    0.003988    3.216413  0.354266  -6.370333  -6.652375   0.004622   0.004595   -5.211401   -5.500091
7    0.004486    3.225061  0.355274  -6.232739  -6.515617   0.005294   0.005260   -5.052591   -5.343046
8    0.004984    3.233858  0.356296  -6.107393  -6.391117   0.005989   0.005947   -4.905717   -5.197972
9    0.005482    3.242806  0.357334  -5.991927  -6.276510   0.006707   0.006655   -4.768410   -5.062501
10   0.005980    3.251912  0.358388  -5.884595  -6.170047   0.007449   0.007386   -4.638919   -4.934881
11   0.006478    3.261172  0.359457  -5.784067  -6.070400   0.008215   0.008140   -4.515914   -4.813783
12   0.006976    3.270592  0.360543  -5.689311  -5.976537   0.009006   0.008918   -4.398359   -4.698173
13   0.007474    3.280175  0.361644  -5.599507  -5.887638   0.009821   0.009719   -4.285434   -4.587229
14   0.007972    3.289925  0.362762  -5.513997  -5.803044   0.010663   0.010545   -4.176475   -4.480290
15   0.008470    3.299846  0.363897  -5.432238  -5.722213   0.011530   0.011396   -4.070939   -4.376812
16   0.008968    3.309940  0.365049  -5.353783  -5.644700   0.012424   0.012271   -3.968376   -4.276347
17   0.009466    3.320213  0.366218  -5.278258  -5.570127   0.013346   0.013173   -3.868408   -4.178518
18   0.009964    3.330666  0.367404  -5.205343  -5.498179   0.014295   0.014101   -3.770714   -4.083003
19   0.010462    3.341305  0.368609  -5.134769  -5.428583   0.015272   0.015055   -3.675021   -3.989532
20   0.010960    3.352134  0.369831  -5.066300  -5.361107   0.016278   0.016037   -3.581091   -3.897868
21   0.011458    3.363156  0.371072  -4.999736  -5.295547   0.017313   0.017047   -3.488721   -3.807806
22   0.011956    3.374376  0.372332  -4.934899  -5.231728   0.018378   0.018084   -3.397730   -3.719169
23   0.012454    3.385800  0.373610  -4.871633  -5.169494   0.019474   0.019150   -3.307961   -3.631798
24   0.012952    3.397430  0.374909  -4.809802  -5.108709   0.020601   0.020246   -3.219273   -3.545557
25   0.013450    3.409273  0.376227  -4.749284  -5.049251   0.021759   0.021371   -3.131541   -3.460320
26   0.013948    3.421333  0.377564  -4.689971  -4.991011   0.022949   0.022526   -3.044655   -3.375977
27   0.014446    3.433615  0.378923  -4.631765  -4.933894   0.024172   0.023713   -2.958515   -3.292431
28   0.014944    3.446124  0.380302  -4.574579  -4.877811   0.025428   0.024930   -2.873029   -3.209590
29   0.015442    3.458867  0.381702  -4.518333  -4.822684   0.026718   0.026179   -2.788116   -3.127376
30   0.015940    3.471848  0.383124  -4.462958  -4.768442   0.028043   0.027460   -2.703702   -3.045715
31   0.016438    3.485073  0.384567  -4.408387  -4.715020   0.029402   0.028774   -2.619718   -2.964539
32   0.016936    3.498548  0.386033  -4.354561  -4.662359   0.030797   0.030122   -2.536102   -2.883789
33   0.017434    3.512280  0.387521  -4.301427  -4.610406   0.032229   0.031503   -2.452797   -2.803409
34   0.017932    3.526274  0.389032  -4.248934  -4.559110   0.033698   0.032919   -2.369750   -2.723346
35   0.018430    3.540538  0.390567  -4.197036  -4.508427   0.035204   0.034370   -2.286912   -2.643555
36   0.018928    3.555078  0.392125  -4.145693  -4.458315   0.036748   0.035856   -2.204237   -2.563991
37   0.019426    3.569900  0.393708  -4.094863  -4.408734   0.038331   0.037378   -2.121684   -2.484613
38   0.019924    3.585012  0.395315  -4.044513  -4.359651   0.039954   0.038937   -2.039213   -2.405386
39   0.020422    3.600420  0.396947  -3.994608  -4.311030   0.041616   0.040533   -1.956788   -2.326272
40   0.020920    3.616133  0.398605  -3.945117  -4.262842   0.043320   0.042166   -1.874373   -2.247241
41   0.021418    3.632158  0.400288  -3.896011  -4.215058   0.045065   0.043838   -1.791936   -2.168261
42   0.021916    3.648499  0.401997  -3.847262  -4.167652   0.046852   0.045549   -1.709447   -2.089304
43   0.022414    3.665171  0.403733  -3.798847  -4.120597   0.048683   0.047299   -1.626878   -2.010345
44   0.022912    3.682179  0.405497  -3.750740  -4.073872   0.050556   0.049089   -1.544200   -1.931357
45   0.023410    3.699531  0.407287  -3.702920  -4.027454   0.052474   0.050920   -1.461388   -1.852317
46   0.023908    3.717235  0.409105  -3.655365  -3.981322   0.054437   0.052792   -1.378418   -1.773204
47   0.024406    3.735301  0.410952  -3.608056  -3.935458   0.056446   0.054705   -1.295266   -1.693996
48   0.024904    3.753738  0.412827  -3.560975  -3.889843   0.058501   0.056661   -1.211910   -1.614674
49   0.025402    3.772554  0.414732  -3.514103  -3.844460   0.060603   0.058659   -1.128328   -1.535219
50   0.025900    3.791759  0.416665  -3.467425  -3.799293   0.062754   0.060701   -1.044501   -1.455614
51   0.026398    3.811363  0.418629  -3.420923  -3.754328   0.064953   0.062787   -0.960409   -1.375843
52   0.026896    3.831374  0.420622  -3.374584  -3.709548   0.067201   0.064918   -0.876033   -1.295889
53   0.027394    3.851806  0.422647  -3.328393  -3.664942   0.069500   0.067093   -0.791356   -1.215738
54   0.027892    3.872665  0.424702  -3.282337  -3.620495   0.071849   0.069315   -0.706359   -1.135375
55   0.028390    3.893961  0.426788  -3.236403  -3.576196   0.074251   0.071583   -0.621027   -1.054788
56   0.028888    3.915709  0.428906  -3.190579  -3.532033   0.076704   0.073898   -0.535343   -0.973964
57   0.029386    3.937915  0.431055  -3.144852  -3.487995   0.079212   0.076260   -0.449292   -0.892889
58   0.029884    3.960594  0.433237  -3.099213  -3.444072   0.081773   0.078670   -0.362858   -0.811554
59   0.030382    3.983755  0.435452  -3.053649  -3.400253   0.084390   0.081129   -0.276027   -0.729946
60   0.030880    4.007410  0.437699  -3.008152  -3.356530   0.087062   0.083638   -0.188785   -0.648057
61   0.031378    4.031573  0.439979  -2.962710  -3.312892   0.089791   0.086196   -0.101118   -0.565874
62   0.031876    4.056252  0.442293  -2.917316  -3.269331   0.092578   0.088805   -0.013012   -0.483390
63   0.032374    4.081461  0.444640  -2.871959  -3.225839   0.095423   0.091464    0.075546   -0.400595
64   0.032872    4.107214  0.447021  -2.826632  -3.182408   0.098327   0.094176    0.164568   -0.317480
65   0.033370    4.133522  0.449436  -2.781325  -3.139031   0.101291   0.096940    0.254067   -0.234037
66   0.033868    4.160400  0.451885  -2.736031  -3.095700   0.104316   0.099756    0.344056   -0.150260
67   0.034366    4.187861  0.454369  -2.690743  -3.052409   0.107404   0.102626    0.434545   -0.066139
68   0.034864    4.215921  0.456888  -2.645451  -3.009150   0.110554   0.105550    0.525548    0.018332
69   0.035362    4.244593  0.459441  -2.600151  -2.965917   0.113768   0.108529    0.617075    0.103160
70   0.035860    4.273893  0.462030  -2.554833  -2.922705   0.117046   0.111562    0.709137    0.188350
71   0.036358    4.303836  0.464653  -2.509493  -2.879507   0.120390   0.114652    0.801747    0.273910
72   0.036856    4.334439  0.467313  -2.464122  -2.836317   0.123801   0.117798    0.894914    0.359844
73   0.037354    4.365719  0.470008  -2.418716  -2.793131   0.127279   0.121000    0.988650    0.446159
74   0.037852    4.397694  0.472739  -2.373267  -2.749944   0.130825   0.124261    1.082964    0.532859
75   0.038350    4.430384  0.475506  -2.327770  -2.706749   0.134441   0.127579    1.177868    0.619949
76   0.038848    4.463809  0.478310  -2.282219  -2.663543   0.138128   0.130956    1.273373    0.707434
77   0.039346    4.497990  0.481151  -2.236609  -2.620321   0.141885   0.134392    1.369486    0.795318
78   0.039844    4.532950  0.484029  -2.190933  -2.577079   0.145716   0.137887    1.466220    0.883604
79   0.040342    4.568710  0.486944  -2.145187  -2.533812   0.149619   0.141443    1.563584    0.972297
80   0.040840    4.605296  0.489897  -2.099366  -2.490516   0.153597   0.145060    1.661588    1.061399
81   0.041338    4.642736  0.492888  -2.053464  -2.447187   0.157651   0.148738    1.760241    1.150913
82   0.041836    4.681061  0.495919  -2.007477  -2.403822   0.161781   0.152478    1.859553    1.240842
83   0.042334    4.720298  0.498988  -1.961399  -2.360416   0.165989   0.156280    1.959534    1.331188
84   0.042832    4.760482  0.502098  -1.915226  -2.316967   0.170275   0.160145    2.060193    1.421953
85   0.043330    4.801648  0.505249  -1.868954  -2.273472   0.174641   0.164074    2.161540    1.513138
86   0.043828    4.843837  0.508442  -1.822578  -2.229926   0.179088   0.168066    2.263583    1.604744
87   0.044326    4.887085  0.511676  -1.776094  -2.186327   0.183617   0.172122    2.366333    1.696771
88   0.044824    4.931442  0.514955  -1.729497  -2.142672   0.188229   0.176243    2.469798    1.789220
89   0.045322    4.976953  0.518278  -1.682783  -2.098959   0.192925   0.180429    2.573987    1.882090
90   0.045820    5.023671  0.521647  -1.635949  -2.055183   0.197707   0.184680    2.678910    1.975379
91   0.046318    5.071653  0.525064  -1.588989  -2.011344   0.202575   0.188997    2.784575    2.069087
92   0.046816    5.120961  0.528529  -1.541900  -1.967439   0.207530   0.193380    2.890992    2.163210
93   0.047314    5.171661  0.532044  -1.494679  -1.923465   0.212575   0.197830    2.998169    2.257746
94   0.047812    5.223825  0.535612  -1.447321  -1.879420   0.217709   0.202346    3.106116    2.352691
95   0.048310    5.277533  0.539234  -1.399822  -1.835303   0.222934   0.206928    3.214841    2.448040
96   0.048808    5.332870  0.542912  -1.352180  -1.791111   0.228252   0.211578    3.324354    2.543788
97   0.049306    5.389930  0.546649  -1.304390  -1.746842   0.233664   0.216294    3.434662    2.639928
98   0.049804    5.448811  0.550446  -1.256448  -1.702496   0.239170   0.221077    3.545775    2.736452
99   0.050302    5.509629  0.554308  -1.208352  -1.658070   0.244772   0.225928    3.657702    2.833353
100  0.050800    5.572502  0.558236  -1.160097  -1.613563   0.250472   0.230844    3.770452    2.930619
101  0.051298    5.637559  0.562234  -1.111681  -1.568975   0.256270   0.235828    3.884032    3.028241
102  0.051796    5.704942  0.566305  -1.063099  -1.524304   0.262168   0.240878    3.998453    3.126205
103  0.052294    5.774803  0.570451  -1.014350  -1.479549   0.268167   0.245993    4.113722    3.224498
104  0.052792    5.847309  0.574677  -0.965428  -1.434709   0.274269   0.251175    4.229848    3.323105
105  0.053290    5.922637  0.578986  -0.916332  -1.389785   0.280474   0.256420    4.346840    3.422008
106  0.053788    6.000975  0.583381  -0.867057  -1.344776   0.286785   0.261731    4.464707    3.521190
107  0.054286    6.082530  0.587866  -0.817602  -1.299682   0.293202   0.267104    4.583458    3.620632
108  0.054784    6.167510  0.592444  -0.767962  -1.254502   0.299727   0.272540    4.703101    3.720311
109  0.055282    6.256146  0.597117  -0.718134  -1.209237   0.306361   0.278038    4.823644    3.820207
110  0.055780    6.348665  0.601888  -0.668116  -1.163888   0.313105   0.283596    4.945097    3.920297
111  0.056278    6.445303  0.606759  -0.617904  -1.118455   0.319961   0.289213    5.067468    4.020557
112  0.056776    6.546293  0.611729  -0.567496  -1.072939   0.326931   0.294889    5.190766    4.120966
113  0.057274    6.651858  0.616798  -0.516888  -1.027340   0.334016   0.300622    5.314999    4.221503
114  0.057772    6.762202  0.621963  -0.466078  -0.981661   0.341216   0.306412    5.440177    4.322148
115  0.058270    6.877506  0.627219  -0.415062  -0.935902   0.348534   0.312257    5.566307    4.422887
116  0.058768    6.997900  0.632560  -0.363839  -0.890065   0.355972   0.318157    5.693399    4.523709
117  0.059266    7.123464  0.637977  -0.312403  -0.844150   0.363530   0.324112    5.821462    4.624612
118  0.059764    7.254206  0.643455  -0.260754  -0.798159   0.371210   0.330122    5.950503    4.725599
119  0.060262    7.390066  0.648981  -0.208888  -0.752094   0.379013   0.336188    6.080532    4.826685
120  0.060760    7.530876  0.654537  -0.156803  -0.705955   0.386942   0.342313    6.211558    4.927892
121  0.061258    7.676405  0.660102  -0.104495  -0.659742   0.394997   0.348497    6.343590    5.029254
122  0.061756    7.826317  0.665656  -0.051962  -0.613457   0.403180   0.354743    6.476635    5.130815
123  0.062254    7.980217  0.671178   0.000799  -0.567098   0.411493   0.361056    6.610703    5.232623
124  0.062752    8.137655  0.676646   0.053791  -0.520667   0.419937   0.367438    6.745803    5.334737
125  0.063250    8.298148  0.682041   0.107016  -0.474161   0.428514   0.373894    6.881943    5.437214
126  0.063748    8.461208  0.687345   0.160476  -0.427580   0.437226   0.380429    7.019133    5.540116
127  0.064246    8.626363  0.692544   0.214176  -0.380921   0.446073   0.387045    7.157380    5.643501
128  0.064744    8.793163  0.697626   0.268117  -0.334183   0.455058   0.393748    7.296695    5.747425
129  0.065242    8.961211  0.702582   0.322302  -0.287363   0.464183   0.400540    7.437086    5.851938
130  0.065740    9.130171  0.707408   0.376734  -0.240458   0.473448   0.407426    7.578562    5.957084
131  0.066238    9.299748  0.712099   0.431415  -0.193465   0.482856   0.414409    7.721131    6.062903
132  0.066736    9.469726  0.716655   0.486348  -0.146382   0.492409   0.421492    7.864803    6.169426
133  0.067234    9.639913  0.721077   0.541536  -0.099204   0.502107   0.428676    8.009587    6.276683
134  0.067732    9.810181  0.725367   0.596980  -0.051929   0.511953   0.435965    8.155492    6.384695
135  0.068230    9.980446  0.729530   0.652685  -0.004552   0.521949   0.443361    8.302526    6.493483
136  0.068728   10.150662  0.733569   0.708651   0.042929   0.532095   0.450865    8.450699    6.603058
137  0.069226   10.320810  0.737489   0.764882   0.090518   0.542395   0.458478    8.600019    6.713435
138  0.069724   10.490889  0.741296   0.821381   0.138218   0.552850   0.466203    8.750497    6.824622
139  0.070222   10.660927  0.744994   0.878150   0.186034   0.563461   0.474040    8.902141    6.936627
140  0.070720   10.830984  0.748590   0.935191   0.233967   0.574230   0.481991    9.054959    7.049454
141  0.071218   11.001103  0.752088   0.992507   0.282022   0.585159   0.490057    9.208962    7.163109
142  0.071716   11.171371  0.755495   1.050101   0.330202   0.596251   0.498239    9.364159    7.277593
143  0.072214   11.341872  0.758815   1.107975   0.378509   0.607506   0.506538    9.520558    7.392910
144  0.072712   11.512681  0.762052   1.166131   0.426948   0.618927   0.514955    9.678169    7.509062
145  0.073210   11.683914  0.765213   1.224572   0.475520   0.630516   0.523490    9.837001    7.626048
146  0.073708   11.855660  0.768300   1.283301   0.524229   0.642274   0.532145    9.997063    7.743871
147  0.074206   12.028047  0.771319   1.342320   0.573078   0.654203   0.540921   10.158366    7.862528
148  0.074704   12.201172  0.774274   1.401632   0.622070   0.666306   0.549818   10.320917    7.982021
149  0.075202   12.375171  0.777168   1.461239   0.671207   0.678584   0.558837   10.484727    8.102348
150  0.075700   12.550155  0.780006   1.521143   0.720491   0.691040   0.567979   10.649805    8.223510
151  0.076198   12.726271  0.782790   1.581347   0.769926   0.703674   0.577244   10.816160    8.345503
152  0.076696   12.903644  0.785525   1.641854   0.819514   0.716490   0.586633   10.983802    8.468327
153  0.077194   13.082420  0.788213   1.702665   0.869257   0.729489   0.596148   11.152741    8.591980
154  0.077692   13.262734  0.790857   1.763785   0.919158   0.742673   0.605788   11.322985    8.716460
155  0.078190   13.444765  0.793461   1.825214   0.969218   0.756045   0.615554   11.494544    8.841763
156  0.078688   13.628642  0.796027   1.886955   1.019441   0.769606   0.625447   11.667428    8.967888
157  0.079186   13.814571  0.798558   1.949012   1.069827   0.783358   0.635468   11.841647    9.094828
158  0.079684   14.002700  0.801056   2.011386   1.120379   0.797304   0.645616   12.017210    9.222583
159  0.080182   14.193236  0.803524   2.074079   1.171100   0.811446   0.655892   12.194127    9.351145
160  0.080680   14.386362  0.805964   2.137095   1.221991   0.825785   0.666297   12.372407    9.480510
161  0.081178   14.582295  0.808379   2.200436   1.273053   0.840324   0.676831   12.552061    9.610673
162  0.081676   14.781271  0.810771   2.264103   1.324288   0.855066   0.687494   12.733098    9.741625
163  0.082174   14.983521  0.813143   2.328101   1.375699   0.870011   0.698287   12.915528    9.873360
164  0.082672   15.189289  0.815495   2.392430   1.427286   0.885163   0.709209   13.099360   10.005869
165  0.083170   15.398861  0.817832   2.457095   1.479050   0.900524   0.720260   13.284605   10.139143
166  0.083668   15.612526  0.820154   2.522096   1.530995   0.916096   0.731440   13.471272   10.273169
167  0.084166   15.830613  0.822465   2.587437   1.583119   0.931880   0.742750   13.659371   10.407937
168  0.084664   16.053448  0.824765   2.653119   1.635426   0.947881   0.754188   13.848913   10.543433
169  0.085162   16.281436  0.827058   2.719146   1.687915   0.964099   0.765753   14.039907   10.679639
170  0.085660   16.514945  0.829346   2.785520   1.740587   0.980537   0.777446   14.232364   10.816542
171  0.086158   16.754438  0.831630   2.852244   1.793444   0.997197   0.789265   14.426293   10.954120
172  0.086656   17.000394  0.833914   2.919319   1.846487   1.014082   0.801210   14.621704   11.092352
173  0.087154   17.253342  0.836199   2.986749   1.899714   1.031194   0.813278   14.818608   11.231215
174  0.087652   17.513867  0.838488   3.054535   1.953127   1.048535   0.825467   15.017015   11.370681
175  0.088150   17.782611  0.840783   3.122680   2.006727   1.066109   0.837777   15.216935   11.510720
176  0.088648   18.060305  0.843087   3.191188   2.060512   1.083916   0.850204   15.418378   11.651298
177  0.089146   18.347710  0.845403   3.260059   2.114484   1.101960   0.862746   15.621354   11.792377
178  0.089644   18.645712  0.847734   3.329297   2.168640   1.120243   0.875398   15.825875   11.933916
179  0.090142   18.955285  0.850082   3.398905   2.222981   1.138768   0.888159   16.031949   12.075867
180  0.090640   19.277541  0.852451   3.468884   2.277507   1.157537   0.901022   16.239588   12.218174
181  0.091138   19.613653  0.854844   3.539237   2.332214   1.176552   0.913984   16.448801   12.360781
182  0.091636   19.965070  0.857264   3.609966   2.387103   1.195816   0.927037   16.659600   12.503617
183  0.092134   20.333274  0.859715   3.681075   2.442171   1.215332   0.940176   16.871995   12.646609
184  0.092632   20.720012  0.862200   3.752566   2.497416   1.235102   0.953392   17.085996   12.789672
185  0.093130   21.127281  0.864725   3.824440   2.552835   1.255129   0.966678   17.301614   12.932710
186  0.093628   21.557269  0.867291   3.896701   2.608424   1.275415   0.980022   17.518859   13.075617
187  0.094126   22.012429  0.869905   3.969351   2.664182   1.295964   0.993415   17.737742   13.218278
188  0.094624   22.495572  0.872569   4.042393   2.720102   1.316776   1.006843   17.958274   13.360560
189  0.095122   23.009778  0.875287   4.115829   2.776180   1.337856   1.020292   18.180465   13.502325
190  0.095620   23.558496  0.878063   4.189661   2.832411   1.359206   1.033748   18.404326   13.643416
191  0.096118   24.145483  0.880899   4.263893   2.888788   1.380829   1.047194   18.629868   13.783671
192  0.096616   24.774732  0.883797   4.338526   2.945304   1.402727   1.060614   18.857102   13.922925
193  0.097114   25.450427  0.886755   4.413564   3.001952   1.424903   1.073989   19.086038   14.061010
194  0.097612   26.176751  0.889773   4.489008   3.058723   1.447359   1.087305   19.316687   14.197775
195  0.098110   26.957627  0.892842   4.564861   3.115608   1.470100   1.100547   19.549060   14.333093
196  0.098608   27.796333  0.895955   4.641126   3.172598   1.493127   1.113707   19.783169   14.466884
197  0.099106   28.695189  0.899096   4.717806   3.229684   1.516442   1.126780   20.019024   14.599128
198  0.099604   29.654944  0.902248   4.794902   3.286856   1.540050   1.139772   20.256635   14.729893
199  0.100102   30.674651  0.905388   4.872418   3.344107   1.563953   1.152697   20.496015   14.859334
200  0.100600   31.751107  0.908491   4.950355   3.401429   1.588154   1.165580   20.737175   14.987708
201  0.101098   32.879467  0.911533   5.028717   3.458816   1.612655   1.178452   20.980124   15.115343
202  0.101596   34.053296  0.914490   5.107507   3.516266   1.637460   1.191351   21.224875   15.242620
203  0.102094   35.265229  0.917343   5.186726   3.573776   1.662572   1.204318   21.471439   15.369940
204  0.102592   36.507765  0.920077   5.266377   3.631346   1.687992   1.217391   21.719827   15.497684
205  0.103090   37.773827  0.922682   5.346462   3.688980   1.713726   1.230607   21.970049   15.626191
206  0.103588   39.056935  0.925156   5.426986   3.746679   1.739774   1.243996   22.222119   15.755752
207  0.104086   40.351979  0.927497   5.507949   3.804449   1.766141   1.257581   22.476046   15.886579
208  0.104584   41.654553  0.929708   5.589354   3.862295   1.792830   1.271381   22.731842   16.018847
209  0.105082   42.961497  0.931795   5.671205   3.920223   1.819843   1.285409   22.989519   16.152665
210  0.105580   44.270315  0.933765   5.753504   3.978240   1.847184   1.299676   23.249088   16.288114
211  0.106078   45.579353  0.935625   5.836252   4.036352   1.874855   1.314188   23.510561   16.425235
212  0.106576   46.887515  0.937382   5.919454   4.094565   1.902861   1.328948   23.773949   16.564049
213  0.107074   48.193980  0.939043   6.003111   4.152887   1.931203   1.343958   24.039263   16.704564
214  0.107572   49.498378  0.940616   6.087227   4.211323   1.959885   1.359221   24.306516   16.846774
215  0.108070   50.800628  0.942108   6.171803   4.269879   1.988911   1.374735   24.575718   16.990663
216  0.108568   52.100681  0.943524   6.256843   4.328562   2.018283   1.390501   24.846883   17.136216
217  0.109066   53.398828  0.944871   6.342349   4.387378   2.048006   1.406518   25.120020   17.283406
218  0.109564   54.695158  0.946153   6.428323   4.446332   2.078081   1.422785   25.395143   17.432216
219  0.110062   55.990101  0.947376   6.514769   4.505429   2.108512   1.439302   25.672262   17.582621
220  0.110560   57.283794  0.948543   6.601689   4.564675   2.139303   1.456068   25.951390   17.734606
221  0.111058   58.576780  0.949659   6.689085   4.624075   2.170457   1.473081   26.232538   17.888142
222  0.111556   59.869318  0.950728   6.776961   4.683633   2.201977   1.490342   26.515719   18.043215
223  0.112054   61.161916  0.951752   6.865319   4.743354   2.233867   1.507849   26.800944   18.199803
224  0.112552   62.454677  0.952734   6.954161   4.803243   2.266129   1.525603   27.088226   18.357896
225  0.113050   63.748243  0.953678   7.043491   4.863304   2.298768   1.543604   27.377576   18.517471
226  0.113548   65.042756  0.954586   7.133310   4.923541   2.331787   1.561850   27.669006   18.678520
227  0.114046   66.338669  0.955459   7.223623   4.983958   2.365189   1.580343   27.962529   18.841028
228  0.114544   67.636250  0.956301   7.314431   5.044560   2.398978   1.599083   28.258157   19.004985
229  0.115042   68.935869  0.957113   7.405737   5.105350   2.433157   1.618069   28.555901   19.170381
230  0.115540   70.237767  0.957896   7.497544   5.166332   2.467730   1.637303   28.855774   19.337207
231  0.116038   71.542223  0.958653   7.589854   5.227510   2.502700   1.656784   29.157789   19.505457
232  0.116536   72.849561  0.959385   7.682671   5.288887   2.538071   1.676514   29.461957   19.675123
233  0.117034   74.159870  0.960092   7.775996   5.350466   2.573846   1.696494   29.768291   19.846205
234  0.117532   75.473634  0.960778   7.869834   5.412252   2.610030   1.716724   30.076804   20.018690
235  0.118030   76.791034  0.961442   7.964185   5.474247   2.646625   1.737205   30.387507   20.192577
236  0.118528   78.112321  0.962085   8.059054   5.536454   2.683635   1.757937   30.700413   20.367863
237  0.119026   79.437602  0.962710   8.154443   5.598877   2.721064   1.778923   31.015534   20.544548
238  0.119524   80.767086  0.963316   8.250355   5.661519   2.758916   1.800164   31.332884   20.722630
239  0.120022   82.101072  0.963905   8.346792   5.724383   2.797195   1.821661   31.652474   20.902106
240  0.120520   83.439660  0.964477   8.443758   5.787472   2.835903   1.843414   31.974317   21.082978
241  0.121018   84.783078  0.965033   8.541254   5.850789   2.875045   1.865426   32.298427   21.265244
242  0.121516   86.131544  0.965574   8.639285   5.914337   2.914626   1.887698   32.624814   21.448903
243  0.122014   87.485210  0.966100   8.737851   5.978118   2.954647   1.910232   32.953493   21.633959
244  0.122512   88.844102  0.966613   8.836958   6.042136   2.995114   1.933028   33.284476   21.820414
245  0.123010   90.208488  0.967112   8.936606   6.106394   3.036031   1.956090   33.617776   22.008268
246  0.123508   91.578637  0.967599   9.036800   6.170893   3.077400   1.979417   33.953405   22.197521
247  0.124006   92.954557  0.968073   9.137541   6.235637   3.119227   2.003012   34.291377   22.388179
248  0.124504   94.336402  0.968536   9.238833   6.300629   3.161514   2.026877   34.631704   22.580243
249  0.125002   95.724268  0.968987   9.340678   6.365871   3.204266   2.051014   34.974399   22.773718
250  0.125500   97.118383  0.969428   9.443080   6.431366   3.247488   2.075423   35.319476   22.968605
251  0.125998   98.518787  0.969858   9.546041   6.497116   3.291182   2.100109   35.666947   23.164909
252  0.126496   99.925717  0.970278   9.649564   6.563124   3.335353   2.125071   36.016825   23.362633
253  0.126994  101.339137  0.970689   9.753652   6.629392   3.380005   2.150312   36.369123   23.561782
254  0.127492  102.759045  0.971090   9.858307   6.695923   3.425142   2.175835   36.723855   23.762365
255  0.127990  104.186241  0.971482   9.963533   6.762720   3.470769   2.201639   37.081034   23.964372
256  0.128488  105.620109  0.971865  10.069333   6.829785   3.516889   2.227730   37.440673   24.167822
257  0.128986  107.060995  0.972240  10.175708   6.897120   3.563506   2.254107   37.802785   24.372716
258  0.129484  108.509116  0.972607  10.282663   6.964728   3.610625   2.280774   38.167384   24.579055
259  0.129982  109.964306  0.972967  10.390201   7.032612   3.658250   2.307732   38.534482   24.786851
260  0.130480  111.426867  0.973318  10.498323   7.100773   3.706385   2.334983   38.904093   24.996106
261  0.130978  112.896869  0.973662  10.607033   7.169214   3.755034   2.362530   39.276231   25.206824
262  0.131476  114.374395  0.974000  10.716334   7.237937   3.804202   2.390375   39.650910   25.419013
263  0.131974  115.859551  0.974330  10.826228   7.306946   3.853893   2.418520   40.028141   25.632677
264  0.132472  117.352409  0.974654  10.936720   7.376241   3.904111   2.446967   40.407940   25.847823
265  0.132970  118.853143  0.974971  11.047811   7.445827   3.954861   2.475719   40.790319   26.064456
266  0.133468  120.361630  0.975282  11.159504   7.515703   4.006147   2.504778   41.175293   26.282585
267  0.133966  121.878125  0.975587  11.271804   7.585874   4.057974   2.534146   41.562874   26.502214
268  0.134464  123.402696  0.975886  11.384711   7.656342   4.110345   2.563826   41.953077   26.723350
269  0.134962  124.935229  0.976180  11.498230   7.727108   4.163265   2.593820   42.345915   26.946002
270  0.135460  126.476272  0.976468  11.612364   7.798175   4.216740   2.624130   42.741402   27.170169
271  0.135958  128.025707  0.976750  11.727114   7.869546   4.270772   2.654759   43.139552   27.395860
272  0.136456  129.583214  0.977028  11.842486   7.941222   4.325368   2.685709   43.540379   27.623090
273  0.136954  131.149368  0.977300  11.958480   8.013206   4.380531   2.716983   43.943896   27.851858
274  0.137452  132.723987  0.977567  12.075101   8.085499   4.436266   2.748583   44.350118   28.082173
275  0.137950  134.307097  0.977829  12.192351   8.158106   4.492577   2.780512   44.759058   28.314044
276  0.138448  135.899075  0.978087  12.310234   8.231026   4.549470   2.812772   45.170731   28.547474
277  0.138946  137.499713  0.978340  12.428752   8.304264   4.606949   2.845365   45.585150   28.782474
278  0.139444  139.109306  0.978589  12.547908   8.377820   4.665018   2.878295   46.002329   29.019047
279  0.139942  140.727786  0.978834  12.667706   8.451697   4.723683   2.911564   46.422283   29.257203
280  0.140440  142.355171  0.979074  12.788148   8.525898   4.782948   2.945174   46.845026   29.496950
281  0.140938  143.991684  0.979310  12.909238   8.600425   4.842818   2.979129   47.270572   29.738293
282  0.141436  145.637173  0.979542  13.030979   8.675279   4.903297   3.013430   47.698935   29.981244
283  0.141934  147.292046  0.979771  13.153373   8.750463   4.964391   3.048081   48.130129   30.225804
284  0.142432  148.956140  0.979995  13.276424   8.825980   5.026104   3.083084   48.564170   30.471985
285  0.142930  150.629519  0.980216  13.400135   8.901830   5.088442   3.118442   49.001070   30.719794
286  0.143428  152.312171  0.980433  13.524508   8.978018   5.151408   3.154157   49.440845   30.969240
287  0.143926  154.004429  0.980647  13.649548   9.054544   5.215009   3.190233   49.883509   31.220328
288  0.144424  155.706137  0.980857  13.775256   9.131411   5.279249   3.226671   50.329077   31.473067
289  0.144922  157.417587  0.981063  13.901637   9.208621   5.344133   3.263476   50.777562   31.727463
290  0.145420  159.138559  0.981267  14.028693   9.286176   5.409666   3.300649   51.228980   31.983527
291  0.145918  160.869130  0.981467  14.156428   9.364078   5.475853   3.338194   51.683345   32.241268
292  0.146416  162.609825  0.981664  14.284844   9.442330   5.542699   3.376112   52.140671   32.500687
293  0.146914  164.360087  0.981858  14.413944   9.520934   5.610209   3.414409   52.600974   32.761800
294  0.147412  166.120537  0.982050  14.543733   9.599892   5.678389   3.453084   53.064268   33.024608
295  0.147910  167.890834  0.982238  14.674212   9.679206   5.747244   3.492143   53.530568   33.289124
296  0.148408  169.671024  0.982423  14.805386   9.758878   5.816778   3.531588   53.999889   33.555358
297  0.148906  171.461335  0.982605  14.937256   9.838910   5.886997   3.571422   54.472245   33.823315
298  0.149404  173.261846  0.982785  15.069828   9.919305   5.957906   3.611647   54.947651   34.093002
299  0.149902  175.072734  0.982962  15.203103  10.000065   6.029511   3.652267   55.426122   34.364427
300  0.150400  176.894033  0.983137  15.337084  10.081191   6.101817   3.693284   55.907674   34.637599
301  0.150898  178.725370  0.983308  15.471776  10.162686   6.174828   3.734702   56.392320   34.912531
302  0.151396  180.567504  0.983478  15.607181  10.244553   6.248551   3.776523   56.880077   35.189222
303  0.151894  182.419606  0.983645  15.743302  10.326792   6.322991   3.818752   57.370959   35.467694
304  0.152392  184.282432  0.983809  15.880143  10.409407   6.398154   3.861390   57.864982   35.747945
305  0.152890  186.156016  0.983971  16.017707  10.492400   6.474043   3.904441   58.362159   36.029983
306  0.153388  188.039963  0.984131  16.155996  10.575772   6.550666   3.947908   58.862508   36.313824
307  0.153886  189.935047  0.984288  16.295015  10.659527   6.628028   3.991794   59.366042   36.599467
308  0.154384  191.840618  0.984444  16.434767  10.743665   6.706134   4.036102   59.872778   36.886930
309  0.154882  193.757057  0.984597  16.575254  10.828189   6.784989   4.080835   60.382729   37.176216
310  0.155380  195.684421  0.984748  16.716481  10.913102   6.864600   4.125997   60.895913   37.467336
311  0.155878  197.622540  0.984896  16.858450  10.998405   6.944972   4.171591   61.412344   37.760299
312  0.156376  199.571851  0.985043  17.001164  11.084101   7.026110   4.217619   61.932037   38.055111
313  0.156874  201.532336  0.985188  17.144627  11.170191   7.108021   4.264085   62.455008   38.351782
314  0.157372  203.503642  0.985331  17.288843  11.256678   7.190709   4.310993   62.981273   38.650324
315  0.157870  205.486472  0.985472  17.433814  11.343565   7.274181   4.358345   63.510847   38.950739
316  0.158368  207.480438  0.985610  17.579543  11.430853   7.358443   4.406144   64.043746   39.253041
317  0.158866  209.485408  0.985748  17.726035  11.518544   7.443500   4.454396   64.579984   39.557242
318  0.159364  211.501830  0.985883  17.873292  11.606640   7.529357   4.503102   65.119579   39.863346
319  0.159862  213.530116  0.986016  18.021318  11.695144   7.616022   4.552264   65.662546   40.171357
320  0.160360  215.569405  0.986148  18.170116  11.784058   7.703499   4.601889   66.208899   40.481295
321  0.160858  217.620576  0.986278  18.319689  11.873384   7.791795   4.651977   66.758656   40.793160
322  0.161356  219.683323  0.986406  18.470041  11.963124   7.880916   4.702534   67.311832   41.106965
323  0.161854  221.757532  0.986533  18.621176  12.053281   7.970867   4.753561   67.868442   41.422721
324  0.162352  223.843304  0.986658  18.773095  12.143856   8.061655   4.805064   68.428504   41.740437
325  0.162850  225.941208  0.986781  18.925804  12.234851   8.153285   4.857044   68.992031   42.060116
326  0.163348  228.050866  0.986903  19.079304  12.326269   8.245764   4.909506   69.559042   42.381772
327  0.163846  230.172074  0.987023  19.233600  12.418113   8.339098   4.962454   70.129551   42.705417
328  0.164344  232.305487  0.987142  19.388696  12.510383   8.433293   5.015889   70.703575   43.031053
329  0.164842  234.451138  0.987259  19.544593  12.603083   8.528354   5.069816   71.281130   43.358691
330  0.165340  236.608278  0.987374  19.701297  12.696214   8.624289   5.124240   71.862231   43.688349
331  0.165838  238.778009  0.987489  19.858809  12.789778   8.721103   5.179161   72.446896   44.020024
332  0.166336  240.959488  0.987601  20.017135  12.883779   8.818803   5.234587   73.035140   44.353735
333  0.166834  243.153465  0.987713  20.176276  12.978217   8.917395   5.290517   73.626979   44.689484
334  0.167332  245.359720  0.987823  20.336237  13.073096   9.016885   5.346958   74.222431   45.027284
335  0.167830  247.578280  0.987932  20.497021  13.168417   9.117279   5.403912   74.821510   45.367145
336  0.168328  249.809042  0.988039  20.658631  13.264183   9.218585   5.461384   75.424235   45.709076
337  0.168826  252.052638  0.988145  20.821071  13.360395   9.320807   5.519376   76.030620   46.053083
338  0.169324  254.308298  0.988250  20.984344  13.457056   9.423954   5.577893   76.640682   46.399183
339  0.169822  256.577004  0.988353  21.148454  13.554168   9.528030   5.636937   77.254439   46.747376
340  0.170320  258.858186  0.988455  21.313405  13.651734   9.633044   5.696513   77.871906   47.097678
341  0.170818  261.151882  0.988556  21.479199  13.749755   9.739000   5.756625   78.493100   47.450099
342  0.171316  263.458385  0.988656  21.645841  13.848233   9.845907   5.817277   79.118038   47.804646
343  0.171814  265.777675  0.988755  21.813333  13.947172   9.953770   5.878471   79.746736   48.161329
344  0.172312  268.109874  0.988852  21.981680  14.046572  10.062595   5.940212   80.379211   48.520157
345  0.172810  270.455060  0.988949  22.150885  14.146437  10.172391   6.002504   81.015480   48.881140
346  0.173308  272.812768  0.989044  22.320951  14.246768  10.283162   6.065351   81.655559   49.244293
347  0.173806  275.184262  0.989138  22.491882  14.347568  10.394917   6.128755   82.299466   49.609614
348  0.174304  277.568184  0.989231  22.663681  14.448839  10.507661   6.192722   82.947217   49.977125
349  0.174802  279.965135  0.989323  22.836352  14.550583  10.621402   6.257256   83.598829   50.346832
350  0.175300  282.376041  0.989413  23.009899  14.652803  10.736147   6.322358   84.254319   50.718737
351  0.175798  284.799656  0.989503  23.184325  14.755499  10.851901   6.388035   84.913704   51.092860
352  0.176296  287.236943  0.989592  23.359634  14.858676  10.968673   6.454290   85.577001   51.469205
353  0.176794  289.687153  0.989680  23.535829  14.962335  11.086469   6.521127   86.244227   51.847787
354  0.177292  292.151074  0.989766  23.712914  15.066477  11.205295   6.588549   86.915400   52.228610
355  0.177790  294.628149  0.989852  23.890892  15.171107  11.325160   6.656561   87.590535   52.611690
356  0.178288  297.119612  0.989937  24.069768  15.276225  11.446069   6.725166   88.269652   52.997026
357  0.178786  299.623988  0.990021  24.249544  15.381833  11.568030   6.794370   88.952765   53.384642
358  0.179284  302.142125  0.990104  24.430224  15.487935  11.691050   6.864176   89.639894   53.774541
359  0.179782  304.674015  0.990186  24.611813  15.594533  11.815137   6.934587   90.331055   54.166732
360  0.180280  307.219653  0.990267  24.794313  15.701628  11.940296   7.005609   91.026266   54.561228
361  0.180778  309.779151  0.990347  24.977728  15.809223  12.066536   7.077244   91.725543   54.958037
362  0.181276  312.352522  0.990426  25.162063  15.917320  12.193864   7.149498   92.428905   55.357170
363  0.181774  314.939497  0.990505  25.347320  16.025921  12.322287   7.222375   93.136369   55.758640
364  0.182272  317.541698  0.990582  25.533503  16.135029  12.451811   7.295877   93.847952   56.162444
365  0.182770  320.156227  0.990659  25.720616  16.244646  12.582445   7.370012   94.563672   56.568616
366  0.183268  322.785489  0.990735  25.908662  16.354774  12.714196   7.444781   95.283546   56.977148
367  0.183766  325.429755  0.990810  26.097646  16.465416  12.847071   7.520188   96.007592   57.388048
368  0.184264  328.087665  0.990884  26.287571  16.576573  12.981078   7.596240   96.735828   57.801337
369  0.184762  330.760263  0.990957  26.478440  16.688248  13.116223   7.672939   97.468271   58.217018
370  0.185260  333.446395  0.991030  26.670258  16.800444  13.252515   7.750291   98.204940   58.635112
371  0.185758  336.147347  0.991102  26.863028  16.913162  13.389961   7.828298   98.945851   59.055617
372  0.186256  338.862868  0.991173  27.056754  17.026405  13.528568   7.906967   99.691023   59.478549
373  0.186754  341.592539  0.991243  27.251440  17.140175  13.668345   7.986300  100.440474   59.903919
374  0.187252  344.337340  0.991313  27.447089  17.254474  13.809298   8.066303  101.194221   60.331732
375  0.187750  347.096771  0.991382  27.643705  17.369305  13.951436   8.146979  101.952283   60.762002
376  0.188248  349.870291  0.991450  27.841292  17.484670  14.094765   8.228334  102.714677   61.194745
377  0.188746  352.658868  0.991517  28.039853  17.600571  14.239294   8.310372  103.481421   61.629964
378  0.189244  355.462310  0.991584  28.239393  17.717011  14.385031   8.393096  104.252534   62.067670
379  0.189742  358.280797  0.991650  28.439915  17.833991  14.531983   8.476512  105.028033   62.507875
380  0.190240  361.113904  0.991715  28.641423  17.951515  14.680158   8.560624  105.807937   62.950591
381  0.190738  363.962829  0.991780  28.843921  18.069584  14.829563   8.645436  106.592264   63.395822
382  0.191236  366.825562  0.991844  29.047412  18.188201  14.980208   8.730954  107.381032   63.843592
383  0.191734  369.704930  0.991907  29.251901  18.307369  15.132099   8.817180  108.174259   64.293893
384  0.192232  372.598331  0.991970  29.457391  18.427088  15.285245   8.904122  108.971964   64.746754
385  0.192730  375.506836  0.992032  29.663887  18.547363  15.439654   8.991783  109.774164   65.202178
386  0.193228  378.431144  0.992093  29.871391  18.668194  15.595333   9.080166  110.580879   65.660172
387  0.193726  381.370498  0.992154  30.079908  18.789585  15.752291   9.169278  111.392127   66.120752
388  0.194224  384.325130  0.992214  30.289441  18.911538  15.910536   9.259122  112.207926   66.583927
389  0.194722  387.295733  0.992274  30.499995  19.034055  16.070076   9.349703  113.028295   67.049704
390  0.195220  390.281849  0.992333  30.711573  19.157138  16.230918   9.441027  113.853252   67.518098
391  0.195718  393.282655  0.992391  30.924180  19.280790  16.393073   9.533098  114.682816   67.989124
392  0.196216  396.300270  0.992449  31.137818  19.405013  16.556546   9.625919  115.517005   68.462780
393  0.196714  399.333147  0.992506  31.352493  19.529810  16.721348   9.719497  116.355838   68.939088
394  0.197212  402.381409  0.992563  31.568208  19.655182  16.887486   9.813836  117.199334   69.418058
395  0.197710  405.446543  0.992619  31.784966  19.781133  17.054968   9.908940  118.047512   69.899691
396  0.198208  408.526832  0.992675  32.002772  19.907665  17.223803  10.004815  118.900389   70.384009
397  0.198706  411.623010  0.992729  32.221630  20.034779  17.393999  10.101466  119.757986   70.871021
398  0.199204  414.735571  0.992784  32.441543  20.162478  17.565565  10.198897  120.620321   71.360732
399  0.199702  417.863933  0.992838  32.662516  20.290766  17.738510  10.297113  121.487413   71.853160
400  0.200200  421.008505  0.992891  32.884553  20.419643  17.912841  10.396119  122.359281   72.348311
401  0.200698  424.169467  0.992944  33.107657  20.549113  18.088567  10.495920  123.235943   72.846198
402  0.201196  427.346118  0.992996  33.331832  20.679178  18.265697  10.596522  124.117419   73.346835
403  0.201694  430.539303  0.993048  33.557083  20.809840  18.444240  10.697928  125.003728   73.850228
404  0.202192  433.748854  0.993100  33.783413  20.941101  18.624204  10.800144  125.894889   74.356391
405  0.202690  436.974803  0.993150  34.010826  21.072965  18.805597  10.903175  126.790921   74.865334
406  0.203188  440.217555  0.993201  34.239327  21.205433  18.988430  11.007026  127.691843   75.377066
407  0.203686  443.476717  0.993251  34.468919  21.338507  19.172710  11.111702  128.597675   75.891602
408  0.204184  446.752426  0.993300  34.699607  21.472191  19.358446  11.217207  129.508436   76.408952
409  0.204682  450.044912  0.993349  34.931393  21.606487  19.545647  11.323548  130.424144   76.929125
410  0.205180  453.353304  0.993397  35.164284  21.741397  19.734323  11.430730  131.344820   77.452140
411  0.205678  456.679583  0.993445  35.398281  21.876923  19.924481  11.538756  132.270483   77.977996
412  0.206176  460.022873  0.993493  35.633391  22.013068  20.116131  11.647633  133.201152   78.506709
413  0.206674  463.381743  0.993540  35.869616  22.149835  20.309282  11.757367  134.136847   79.038300
414  0.207172  466.759245  0.993586  36.106960  22.287225  20.503943  11.867959  135.077587   79.572763
415  0.207670  470.152700  0.993633  36.345428  22.425242  20.700123  11.979420  136.023391   80.110124
416  0.208168  473.564074  0.993678  36.585024  22.563887  20.897831  12.091750  136.974280   80.650384
417  0.208666  476.992205  0.993724  36.825751  22.703163  21.097076  12.204958  137.930272   81.193562
418  0.209164  480.437356  0.993769  37.067615  22.843073  21.297868  12.319047  138.891388   81.739668
419  0.209662  483.900692  0.993813  37.310619  22.983618  21.500215  12.434023  139.857648   82.288707
420  0.210160  487.379762  0.993857  37.554766  23.124802  21.704128  12.549894  140.829070   82.840704
421  0.210658  490.877244  0.993901  37.800062  23.266628  21.909614  12.666661  141.805675   83.395656
422  0.211156  494.392037  0.993944  38.046511  23.409096  22.116685  12.784332  142.787483   83.953582
423  0.211654  497.924545  0.993987  38.294116  23.552210  22.325348  12.902911  143.774513   84.514491
424  0.212152  501.474364  0.994030  38.542881  23.695973  22.535614  13.022404  144.766785   85.078397
425  0.212650  505.042466  0.994072  38.792811  23.840386  22.747491  13.142816  145.764320   85.645306
426  0.213148  508.626673  0.994113  39.043911  23.985452  22.960990  13.264155  146.767137   86.215243
427  0.213646  512.230578  0.994155  39.296183  24.131175  23.176120  13.386423  147.775257   86.788199
428  0.214144  515.851722  0.994196  39.549632  24.277555  23.392890  13.509627  148.788698   87.364201
429  0.214642  519.490608  0.994236  39.804263  24.424596  23.611311  13.633772  149.807482   87.943257
430  0.215140  523.148163  0.994276  40.060080  24.572301  23.831391  13.758864  150.831629   88.525375
431  0.215638  526.822820  0.994316  40.317087  24.720671  24.053141  13.884910  151.861159   89.110575
432  0.216136  530.515132  0.994356  40.575287  24.869709  24.276569  14.011914  152.896091   89.698865
433  0.216634  534.226375  0.994395  40.834686  25.019418  24.501687  14.139882  153.936447   90.290251
434  0.217132  537.956829  0.994434  41.095287  25.169800  24.728503  14.268817  154.982246   90.884745
435  0.217630  541.704493  0.994472  41.357095  25.320858  24.957028  14.398729  156.033510   91.482368
436  0.218128  545.470447  0.994510  41.620114  25.472594  25.187271  14.529622  157.090257   92.083127
437  0.218626  549.254958  0.994548  41.884348  25.625011  25.419243  14.661502  158.152510   92.687033
438  0.219124  553.058389  0.994585  42.149801  25.778111  25.652953  14.794373  159.220287   93.294096
439  0.219622  556.879712  0.994623  42.416478  25.931897  25.888412  14.928242  160.293610   93.904333
440  0.220120  560.720348  0.994659  42.684383  26.086371  26.125628  15.063115  161.372500   94.517750
441  0.220618  564.579252  0.994696  42.953520  26.241536  26.364614  15.198998  162.456976   95.134364
442  0.221116  568.456801  0.994732  43.223893  26.397395  26.605377  15.335896  163.547060   95.754186
443  0.221614  572.353608  0.994768  43.495508  26.553950  26.847930  15.473815  164.642771   96.377224
444  0.222112  576.267335  0.994803  43.768367  26.711203  27.092281  15.612763  165.744132   97.003502
445  0.222610  580.202651  0.994838  44.042476  26.869157  27.338442  15.752742  166.851162   97.633011
446  0.223108  584.155395  0.994873  44.317838  27.027815  27.586422  15.893760  167.963883   98.265782
447  0.223606  588.128337  0.994908  44.594459  27.187179  27.836232  16.035823  169.082315   98.901815
448  0.224104  592.120122  0.994942  44.872341  27.347251  28.087881  16.178937  170.206478   99.541128
449  0.224602  596.130701  0.994976  45.151491  27.508035  28.341382  16.323107  171.336395  100.183734
450  0.225100  600.161318  0.995010  45.431911  27.669533  28.596743  16.468340  172.472086  100.829640
451  0.225598  604.209154  0.995043  45.713607  27.831748  28.853976  16.614644  173.613571  101.478871
452  0.226096  608.278472  0.995076  45.996582  27.994681  29.113091  16.762020  174.760872  102.131421
453  0.226594  612.367377  0.995109  46.280842  28.158336  29.374098  16.910477  175.914011  102.787309
454  0.227092  616.474911  0.995142  46.566390  28.322716  29.637009  17.060023  177.073007  103.446553
455  0.227590  620.602468  0.995174  46.853231  28.487822  29.901833  17.210660  178.237883  104.109160
456  0.228088  624.748978  0.995206  47.141369  28.653658  30.168582  17.362398  179.408659  104.775147
457  0.228586  628.916006  0.995237  47.430808  28.820225  30.437266  17.515241  180.585356  105.444518
458  0.229084  633.101756  0.995269  47.721554  28.987528  30.707895  17.669196  181.767997  106.117296
459  0.229582  637.308058  0.995300  48.013610  29.155567  30.980482  17.824268  182.956602  106.793484
460  0.230080  641.534745  0.995331  48.306981  29.324347  31.255036  17.980464  184.151192  107.473095
461  0.230578  645.780958  0.995362  48.601672  29.493868  31.531569  18.137791  185.351790  108.156147
462  0.231076  650.046140  0.995392  48.897686  29.664135  31.810091  18.296255  186.558415  108.842654
463  0.231574  654.334444  0.995422  49.195028  29.835150  32.090613  18.455860  187.771091  109.532611
464  0.232072  658.640177  0.995452  49.493703  30.006915  32.373147  18.616616  188.989838  110.226055
465  0.232570  662.967462  0.995482  49.793715  30.179433  32.657703  18.778527  190.214678  110.922982
466  0.233068  667.314569  0.995511  50.095069  30.352707  32.944293  18.941600  191.445632  111.623411
467  0.233566  671.681842  0.995540  50.397769  30.526739  33.232928  19.105842  192.682723  112.327354
468  0.234064  676.069133  0.995569  50.701819  30.701532  33.523618  19.271260  193.925971  113.034824
469  0.234562  680.478137  0.995598  51.007224  30.877088  33.816375  19.437857  195.175399  113.745827
470  0.235060  684.906179  0.995626  51.313989  31.053411  34.111211  19.605644  196.431028  114.460387
471  0.235558  689.356746  0.995654  51.622118  31.230502  34.408137  19.774623  197.692880  115.178502
472  0.236056  693.827262  0.995682  51.931615  31.408365  34.707163  19.944804  198.960977  115.900196
473  0.236554  698.318497  0.995710  52.242486  31.587003  35.008302  20.116192  200.235341  116.625479
474  0.237052  702.830720  0.995738  52.554734  31.766417  35.311565  20.288794  201.515994  117.354362
475  0.237550  707.363659  0.995765  52.868365  31.946611  35.616962  20.462616  202.802957  118.086860
476  0.238048  711.917649  0.995792  53.183382  32.127587  35.924507  20.637666  204.096253  118.822984
477  0.238546  716.493817  0.995819  53.499790  32.309348  36.234210  20.813948  205.395903  119.562743
478  0.239044  721.088607  0.995845  53.817594  32.491897  36.546083  20.991474  206.701930  120.306164
479  0.239542  725.706373  0.995872  54.136799  32.675235  36.860138  21.170244  208.014356  121.053242
480  0.240040  730.345029  0.995898  54.457409  32.859367  37.176386  21.350269  209.333203  121.803999
481  0.240538  735.004739  0.995924  54.779428  33.044295  37.494839  21.531555  210.658493  122.558448
482  0.241036  739.686889  0.995950  55.102861  33.230021  37.815508  21.714108  211.990249  123.316596
483  0.241534  744.389573  0.995975  55.427714  33.416548  38.138407  21.897935  213.328492  124.078464
484  0.242032  749.113896  0.996001  55.753989  33.603879  38.463545  22.083043  214.673246  124.844060
485  0.242530  753.859081  0.996026  56.081693  33.792017  38.790937  22.269440  216.024531  125.613401
486  0.243028  758.627606  0.996051  56.410830  33.980964  39.120592  22.457130  217.382372  126.386490
487  0.243526  763.415955  0.996075  56.741403  34.170723  39.452524  22.646124  218.746789  127.163354
488  0.244024  768.228362  0.996100  57.073419  34.361297  39.786744  22.836423  220.117807  127.943991
489  0.244522  773.061316  0.996124  57.406881  34.552688  40.123264  23.028040  221.495446  128.728426
490  0.245020  777.916331  0.996149  57.741795  34.744899  40.462097  23.220979  222.879730  129.516668
491  0.245518  782.793268  0.996172  58.078164  34.937933  40.803255  23.415247  224.270682  130.308730
492  0.246016  787.693877  0.996196  58.415994  35.131794  41.146749  23.610850  225.668323  131.104618
493  0.246514  792.614473  0.996220  58.755290  35.326482  41.492593  23.807799  227.072678  131.904361
494  0.247012  797.558198  0.996243  59.096055  35.522002  41.840798  24.006098  228.483767  132.707960
495  0.247510  802.524475  0.996266  59.438295  35.718355  42.191376  24.205754  229.901615  133.515430
496  0.248008  807.512775  0.996289  59.782015  35.915546  42.544341  24.406775  231.326243  134.326787
497  0.248506  812.522321  0.996312  60.127218  36.113576  42.899704  24.609169  232.757676  135.142046
498  0.249004  817.555219  0.996335  60.473911  36.312448  43.257479  24.812941  234.195935  135.961214
499  0.249502  822.611356  0.996358  60.822097  36.512166  43.617677  25.018099  235.641044  136.784305
500  0.250000  827.690381  0.996380  61.171781  36.712731  43.980311  25.224651  237.093025  137.611333
501  0.250498  832.790748  0.996402  61.522969  36.914146  44.345394  25.432604  238.551901  138.442318