      density       alpha     S_nem     F(iso)     F(nem)     P(iso)     P(nem)     mu(iso)     mu(nem)
0    0.001000    0.810377  0.041211  -7.869999  -7.874124   0.001038   0.001038   -6.831947   -6.836126
1    0.001498    0.811257  0.041295  -7.446845  -7.450996   0.001584   0.001584   -6.389399   -6.393632
2    0.001996    0.812144  0.041380  -7.140659  -7.144838   0.002150   0.002150   -6.063521   -6.067809
3    0.002494    0.813037  0.041466  -6.898596  -6.902802   0.002736   0.002736   -5.801465   -5.805810
4    0.002992    0.813936  0.041553  -6.697072  -6.701306   0.003343   0.003343   -5.579646   -5.584047
5    0.003490    0.814841  0.041640  -6.523492  -6.527754   0.003972   0.003971   -5.385467   -5.389926
6    0.003988    0.815752  0.041727  -6.370333  -6.374623   0.004622   0.004621   -5.211401   -5.215918
7    0.004486    0.816669  0.041815  -6.232739  -6.237058   0.005294   0.005293   -5.052591   -5.057167
8    0.004984    0.817592  0.041904  -6.107393  -6.111740   0.005989   0.005988   -4.905717   -4.910353
9    0.005482    0.818520  0.041994  -5.991927  -5.996304   0.006707   0.006706   -4.768410   -4.773107
10   0.005980    0.819455  0.042084  -5.884595  -5.889000   0.007449   0.007447   -4.638919   -4.643677
11   0.006478    0.820395  0.042175  -5.784067  -5.788502   0.008215   0.008213   -4.515914   -4.520735
12   0.006976    0.821340  0.042266  -5.689311  -5.693776   0.009006   0.009003   -4.398359   -4.403243
13   0.007474    0.822291  0.042358  -5.599507  -5.604002   0.009821   0.009818   -4.285434   -4.290382
14   0.007972    0.823248  0.042451  -5.513997  -5.518522   0.010663   0.010659   -4.176475   -4.181487
15   0.008470    0.824210  0.042544  -5.432238  -5.436794   0.011530   0.011526   -4.070939   -4.076017
16   0.008968    0.825177  0.042638  -5.353783  -5.358370   0.012424   0.012419   -3.968376   -3.973520
17   0.009466    0.826150  0.042733  -5.278258  -5.282875   0.013346   0.013340   -3.868408   -3.873619
18   0.009964    0.827129  0.042828  -5.205343  -5.209992   0.014295   0.014288   -3.770714   -3.775993
19   0.010462    0.828112  0.042924  -5.134769  -5.139449   0.015272   0.015265   -3.675021   -3.680368
20   0.010960    0.829102  0.043020  -5.066300  -5.071013   0.016278   0.016270   -3.581091   -3.586508
21   0.011458    0.830096  0.043117  -4.999736  -5.004481   0.017313   0.017305   -3.488721   -3.494208
22   0.011956    0.831096  0.043214  -4.934899  -4.939676   0.018378   0.018369   -3.397730   -3.403288
23   0.012454    0.832101  0.043313  -4.871633  -4.876443   0.019474   0.019464   -3.307961   -3.313590
24   0.012952    0.833112  0.043411  -4.809802  -4.814645   0.020601   0.020589   -3.219273   -3.224974
25   0.013450    0.834128  0.043511  -4.749284  -4.754160   0.021759   0.021747   -3.131541   -3.137316
26   0.013948    0.835150  0.043611  -4.689971  -4.694880   0.022949   0.022936   -3.044655   -3.050504
27   0.014446    0.836177  0.043712  -4.631765  -4.636708   0.024172   0.024158   -2.958515   -2.964439
28   0.014944    0.837210  0.043813  -4.574579  -4.579555   0.025428   0.025413   -2.873029   -2.879028
29   0.015442    0.838248  0.043915  -4.518333  -4.523344   0.026718   0.026702   -2.788116   -2.794192
30   0.015940    0.839292  0.044017  -4.462958  -4.468003   0.028043   0.028025   -2.703702   -2.709855
31   0.016438    0.840342  0.044121  -4.408387  -4.413467   0.029402   0.029383   -2.619718   -2.625950
32   0.016936    0.841397  0.044225  -4.354561  -4.359676   0.030797   0.030777   -2.536102   -2.542413
33   0.017434    0.842459  0.044329  -4.301427  -4.306577   0.032229   0.032207   -2.452797   -2.459188
34   0.017932    0.843526  0.044435  -4.248934  -4.254120   0.033698   0.033674   -2.369750   -2.376221
35   0.018430    0.844603  0.044541  -4.197036  -4.202258   0.035204   0.035179   -2.286912   -2.293464
36   0.018928    0.845683  0.044648  -4.145693  -4.150951   0.036748   0.036722   -2.204237   -2.210872
37   0.019426    0.846769  0.044755  -4.094863  -4.100158   0.038331   0.038303   -2.121684   -2.128402
38   0.019924    0.847862  0.044863  -4.044513  -4.049844   0.039954   0.039924   -2.039213   -2.046015
39   0.020422    0.848961  0.044972  -3.994608  -3.999976   0.041616   0.041585   -1.956788   -1.963674
40   0.020920    0.850067  0.045082  -3.945117  -3.950522   0.043320   0.043287   -1.874373   -1.881345
41   0.021418    0.851180  0.045193  -3.896011  -3.901453   0.045065   0.045030   -1.791936   -1.798995
42   0.021916    0.852301  0.045304  -3.847262  -3.852743   0.046852   0.046816   -1.709447   -1.716594
43   0.022414    0.853428  0.045416  -3.798847  -3.804365   0.048683   0.048644   -1.626878   -1.634112
44   0.022912    0.854563  0.045529  -3.750740  -3.756296   0.050556   0.050516   -1.544200   -1.551524
45   0.023410    0.855705  0.045643  -3.702920  -3.708515   0.052474   0.052432   -1.461388   -1.468802
46   0.023908    0.856855  0.045758  -3.655365  -3.660999   0.054437   0.054393   -1.378418   -1.385923
47   0.024406    0.858013  0.045874  -3.608056  -3.613729   0.056446   0.056399   -1.295266   -1.302862
48   0.024904    0.859180  0.045991  -3.560975  -3.566687   0.058501   0.058452   -1.211910   -1.219599
49   0.025402    0.860355  0.046108  -3.514103  -3.519855   0.060603   0.060552   -1.128328   -1.136111
50   0.025900    0.861539  0.046227  -3.467425  -3.473216   0.062754   0.062700   -1.044501   -1.052379
51   0.026398    0.862731  0.046346  -3.420923  -3.426755   0.064953   0.064896   -0.960409   -0.968382
52   0.026896    0.863933  0.046467  -3.374584  -3.380457   0.067201   0.067142   -0.876033   -0.884103
53   0.027394    0.865144  0.046589  -3.328393  -3.334307   0.069500   0.069438   -0.791356   -0.799523
54   0.027892    0.866366  0.046712  -3.282337  -3.288292   0.071849   0.071785   -0.706359   -0.714624
55   0.028390    0.867597  0.046836  -3.236403  -3.242399   0.074251   0.074183   -0.621027   -0.629392
56   0.028888    0.868839  0.046961  -3.190579  -3.196616   0.076704   0.076634   -0.535343   -0.543808
57   0.029386    0.870091  0.047088  -3.144852  -3.150932   0.079212   0.079139   -0.449292   -0.457858
58   0.029884    0.871355  0.047215  -3.099213  -3.105335   0.081773   0.081697   -0.362858   -0.371526
59   0.030382    0.872631  0.047344  -3.053649  -3.059814   0.084390   0.084311   -0.276027   -0.284799
60   0.030880    0.873919  0.047475  -3.008152  -3.014359   0.087062   0.086980   -0.188785   -0.197661
61   0.031378    0.875215  0.047606  -2.962710  -2.968961   0.089791   0.089705   -0.101118   -0.110099
62   0.031876    0.876528  0.047739  -2.917316  -2.923610   0.092578   0.092489   -0.013012   -0.022100
63   0.032374    0.877854  0.047874  -2.871959  -2.878297   0.095423   0.095330    0.075546    0.066350
64   0.032872    0.879193  0.048010  -2.826632  -2.833014   0.098327   0.098231    0.164568    0.155264
65   0.033370    0.880546  0.048148  -2.781325  -2.787752   0.101291   0.101191    0.254067    0.244653
66   0.033868    0.881913  0.048288  -2.736031  -2.742503   0.104316   0.104213    0.344056    0.334530
67   0.034366    0.883296  0.048429  -2.690743  -2.697259   0.107404   0.107296    0.434545    0.424908
68   0.034864    0.884690  0.048571  -2.645451  -2.652013   0.110554   0.110443    0.525548    0.515797
69   0.035362    0.886104  0.048716  -2.600151  -2.606758   0.113768   0.113652    0.617075    0.607209
70   0.035860    0.887535  0.048862  -2.554833  -2.561487   0.117046   0.116927    0.709137    0.699156
71   0.036358    0.888983  0.049011  -2.509493  -2.516193   0.120390   0.120266    0.801747    0.791648
72   0.036856    0.890449  0.049161  -2.464122  -2.470869   0.123801   0.123673    0.894914    0.884697
73   0.037354    0.891934  0.049314  -2.418716  -2.425509   0.127279   0.127146    0.988650    0.978313
74   0.037852    0.893437  0.049469  -2.373267  -2.380108   0.130825   0.130688    1.082964    1.072507
75   0.038350    0.894964  0.049626  -2.327770  -2.334659   0.134441   0.134300    1.177868    1.167288
76   0.038848    0.896509  0.049785  -2.282219  -2.289156   0.138128   0.137981    1.273373    1.262668
77   0.039346    0.898075  0.049947  -2.236609  -2.243594   0.141885   0.141734    1.369486    1.358657
78   0.039844    0.899663  0.050111  -2.190933  -2.197967   0.145716   0.145559    1.466220    1.455264
79   0.040342    0.901275  0.050278  -2.145187  -2.152271   0.149619   0.149458    1.563584    1.552500
80   0.040840    0.902910  0.050448  -2.099366  -2.106499   0.153597   0.153431    1.661588    1.650374
81   0.041338    0.904571  0.050620  -2.053464  -2.060647   0.157651   0.157479    1.760241    1.748895
82   0.041836    0.906258  0.050796  -2.007477  -2.014710   0.161781   0.161603    1.859553    1.848075
83   0.042334    0.907972  0.050974  -1.961399  -1.968683   0.165989   0.165806    1.959534    1.947921
84   0.042832    0.909714  0.051156  -1.915226  -1.922562   0.170275   0.170086    2.060193    2.048443
85   0.043330    0.911485  0.051340  -1.868954  -1.876341   0.174641   0.174446    2.161540    2.149651
86   0.043828    0.913287  0.051529  -1.822578  -1.830017   0.179088   0.178887    2.263583    2.251555
87   0.044326    0.915121  0.051721  -1.776094  -1.783585   0.183617   0.183410    2.366333    2.354162
88   0.044824    0.916988  0.051916  -1.729497  -1.737041   0.188229   0.188015    2.469798    2.457483
89   0.045322    0.918889  0.052116  -1.682783  -1.690380   0.192925   0.192705    2.573987    2.561526
90   0.045820    0.920826  0.052320  -1.635949  -1.643599   0.197707   0.197480    2.678910    2.666300
91   0.046318    0.922801  0.052528  -1.588989  -1.596694   0.202575   0.202341    2.784575    2.771815
92   0.046816    0.924814  0.052740  -1.541900  -1.549660   0.207530   0.207289    2.890992    2.878079
93   0.047314    0.926868  0.052957  -1.494679  -1.502493   0.212575   0.212326    2.998169    2.985102
94   0.047812    0.928965  0.053179  -1.447321  -1.455191   0.217709   0.217453    3.106116    3.092891
95   0.048310    0.931107  0.053406  -1.399822  -1.407748   0.222934   0.222671    3.214841    3.201456
96   0.048808    0.933295  0.053638  -1.352180  -1.360162   0.228252   0.227981    3.324354    3.310806
97   0.049306    0.935533  0.053876  -1.304390  -1.312429   0.233664   0.233384    3.434662    3.420949
98   0.049804    0.937818  0.054119  -1.256448  -1.264545   0.239170   0.238882    3.545775    3.531895
99   0.050302    0.940159  0.054369  -1.208352  -1.216507   0.244772   0.244476    3.657702    3.643650
100  0.050800    0.942557  0.054625  -1.160097  -1.168311   0.250472   0.250166    3.770452    3.756226
101  0.051298    0.945012  0.054888  -1.111681  -1.119954   0.256270   0.255956    3.884032    3.869629
102  0.051796    0.947529  0.055158  -1.063099  -1.071432   0.262168   0.261844    3.998453    3.983868
103  0.052294    0.950111  0.055435  -1.014350  -1.022743   0.268167   0.267834    4.113722    4.098953
104  0.052792    0.952760  0.055720  -0.965428  -0.973883   0.274269   0.273926    4.229848    4.214891
105  0.053290    0.955480  0.056013  -0.916332  -0.924848   0.280474   0.280121    4.346840    4.331692
106  0.053788    0.958277  0.056316  -0.867057  -0.875636   0.286785   0.286421    4.464707    4.449363
107  0.054286    0.961155  0.056627  -0.817602  -0.826243   0.293202   0.292827    4.583458    4.567913
108  0.054784    0.964115  0.056948  -0.767962  -0.776667   0.299727   0.299341    4.703101    4.687350
109  0.055282    0.967164  0.057280  -0.718134  -0.726904   0.306361   0.305963    4.823644    4.807684
110  0.055780    0.970308  0.057622  -0.668116  -0.676951   0.313105   0.312696    4.945097    4.928922
111  0.056278    0.973551  0.057976  -0.617904  -0.626805   0.319961   0.319540    5.067468    5.051073
112  0.056776    0.976900  0.058343  -0.567496  -0.576463   0.326931   0.326497    5.190766    5.174145
113  0.057274    0.980361  0.058723  -0.516888  -0.525923   0.334016   0.333568    5.314999    5.298146
114  0.057772    0.983942  0.059117  -0.466078  -0.475181   0.341216   0.340755    5.440177    5.423085
115  0.058270    0.987651  0.059525  -0.415062  -0.424235   0.348534   0.348059    5.566307    5.548970
116  0.058768    0.991496  0.059950  -0.363839  -0.373081   0.355972   0.355481    5.693399    5.675810
117  0.059266    0.995488  0.060393  -0.312403  -0.321717   0.363530   0.363024    5.821462    5.803611
118  0.059764    0.999636  0.060854  -0.260754  -0.270141   0.371210   0.370688    5.950503    5.932384
119  0.060262    1.003953  0.061335  -0.208888  -0.218348   0.379013   0.378474    6.080532    6.062135
120  0.060760    1.008454  0.061838  -0.156803  -0.166337   0.386942   0.386386    6.211558    6.192873
121  0.061258    1.013149  0.062364  -0.104495  -0.114105   0.394997   0.394422    6.343590    6.324605
122  0.061756    1.018057  0.062915  -0.051962  -0.061648   0.403180   0.402587    6.476635    6.457340
123  0.062254    1.023195  0.063495   0.000799  -0.008966   0.411493   0.410880    6.610703    6.591085
124  0.062752    1.028586  0.064105   0.053791   0.043946   0.419937   0.419303    6.745803    6.725848
125  0.063250    1.034253  0.064748   0.107016   0.097090   0.428514   0.427858    6.881943    6.861636
126  0.063748    1.040223  0.065429   0.160476   0.150469   0.437226   0.436546    7.019133    6.998457
127  0.064246    1.046528  0.066150   0.214176   0.204084   0.446073   0.445368    7.157380    7.136317
128  0.064744    1.053204  0.066916   0.268117   0.257940   0.455058   0.454327    7.296695    7.275223
129  0.065242    1.060292  0.067734   0.322302   0.312037   0.464183   0.463423    7.437086    7.415182
130  0.065740    1.067843  0.068608   0.376734   0.366379   0.473448   0.472659    7.578562    7.556200
131  0.066238    1.075915  0.069547   0.431415   0.420968   0.482856   0.482035    7.721131    7.698281
132  0.066736    1.084578  0.070559   0.486348   0.475806   0.492409   0.491552    7.864803    7.841431
133  0.067234    1.093916  0.071656   0.541536   0.530897   0.502107   0.501213    8.009587    7.985653
134  0.067732    1.104032  0.072850   0.596980   0.586241   0.511953   0.511018    8.155492    8.130949
135  0.068230    1.115052  0.074158   0.652685   0.641842   0.521949   0.520969    8.302526    8.277321
136  0.068728    1.127130  0.075601   0.708651   0.697702   0.532095   0.531066    8.450699    8.424766
137  0.069226    1.140464  0.077204   0.764882   0.753823   0.542395   0.541310    8.600019    8.573280
138  0.069724    1.155298  0.079000   0.821381   0.810207   0.552850   0.551702    8.750497    8.722855
139  0.070222    1.171941  0.081031   0.878150   0.866855   0.563461   0.562241    8.902141    8.873476
140  0.070720    1.190792  0.083350   0.935191   0.923770   0.574230   0.572928    9.054959    9.025120
141  0.071218    1.212331  0.086023   0.992507   0.980952   0.585159   0.583760    9.208962    9.177755
142  0.071716    1.237118  0.089130   1.050101   1.038404   0.596251   0.594736    9.364159    9.331335
143  0.072214    1.265708  0.092753   1.107975   1.096126   0.607506   0.605852    9.520558    9.485801
144  0.072712    1.298451  0.096951   1.166131   1.154117   0.618927   0.617105    9.678169    9.641091
145  0.073210    1.335144  0.101713   1.224572   1.212379   0.630516   0.628492    9.837001    9.797161
146  0.073708    1.374777  0.106920   1.283301   1.270911   0.642274   0.640014    9.997063    9.954017
147  0.074206    1.415767  0.112370   1.342320   1.329712   0.654203   0.651678   10.158366   10.111723
148  0.074704    1.456582  0.117856   1.401632   1.388784   0.666306   0.663490   10.320917   10.270375
149  0.075202    1.496253  0.123240   1.461239   1.448128   0.678584   0.675459   10.484727   10.430059
150  0.075700    1.534363  0.128454   1.521143   1.507744   0.691040   0.687590   10.649805   10.590834
151  0.076198    1.570875  0.133485   1.581347   1.567636   0.703674   0.699886   10.816160   10.752734
152  0.076696    1.605931  0.138345   1.641854   1.627805   0.716490   0.712350   10.983802   10.915776
153  0.077194    1.639733  0.143055   1.702665   1.688254   0.729489   0.724984   11.152741   11.079967
154  0.077692    1.672509  0.147641   1.763785   1.748983   0.742673   0.737788   11.322985   11.245306
155  0.078190    1.704467  0.152130   1.825214   1.809996   0.756045   0.750764   11.494544   11.411792
156  0.078688    1.735807  0.156545   1.886955   1.871293   0.769606   0.763913   11.667428   11.579416
157  0.079186    1.766709  0.160910   1.949012   1.932878   0.783358   0.777234   11.841647   11.748172
158  0.079684    1.797344  0.165245   2.011386   1.994750   0.797304   0.790728   12.017210   11.918048
159  0.080182    1.827876  0.169574   2.074079   2.056913   0.811446   0.804395   12.194127   12.089033
160  0.080680    1.858462  0.173915   2.137095   2.119367   0.825785   0.818236   12.372407   12.261108
161  0.081178    1.889265  0.178291   2.200436   2.182114   0.840324   0.832248   12.552061   12.434255
162  0.081676    1.920458  0.182724   2.264103   2.245155   0.855066   0.846432   12.733098   12.608449
163  0.082174    1.952221  0.187239   2.328101   2.308490   0.870011   0.860786   12.915528   12.783658
164  0.082672    1.984760  0.191863   2.392430   2.372120   0.885163   0.875308   13.099360   12.959844
165  0.083170    2.018319  0.196629   2.457095   2.436047   0.900524   0.889995   13.284605   13.136956
166  0.083668    2.053185  0.201575   2.522096   2.500269   0.916096   0.904841   13.471272   13.314930
167  0.084166    2.089724  0.206750   2.587437   2.564786   0.931880   0.919841   13.659371   13.493678
168  0.084664    2.128406  0.212218   2.653119   2.629598   0.947881   0.934986   13.848913   13.673084
169  0.085162    2.169874  0.218063   2.719146   2.694703   0.964099   0.950262   14.039907   13.852984
170  0.085660    2.215054  0.224411   2.785520   2.760097   0.980537   0.965648   14.232364   14.033135
171  0.086158    2.265370  0.231449   2.852244   2.825776   0.997197   0.981114   14.426293   14.213162
172  0.086656    2.323219  0.239495   2.919319   2.891734   1.014082   0.996604   14.621704   14.392426
173  0.087154    2.393317  0.249170   2.986749   2.957957   1.031194   1.012007   14.818608   14.569673
174  0.087652    4.275306  0.462154   3.054535   3.024166   1.048535   0.984154   15.017015   14.252133
175  0.088150    4.575171  0.487467   3.122680   3.087885   1.066109   0.993300   15.216935   14.356181
176  0.088648    4.857659  0.509480   3.191188   3.151498   1.083916   1.003096   15.418378   14.466992
177  0.089146    5.170419  0.531959   3.260059   3.215010   1.101960   1.012461   15.621354   14.572349
178  0.089644    5.591481  0.559410   3.329297   3.278350   1.120243   1.019766   15.825875   14.654080
179  0.090142    8.097921  0.675283   3.398905   3.340885   1.138768   0.989369   16.031949   14.316551
180  0.090640    9.045668  0.705014   3.468884   3.401159   1.157537   0.990946   16.239588   14.333922
181  0.091138    9.591873  0.719842   3.539237   3.461136   1.176552   0.999328   16.448801   14.426134
182  0.091636   10.028206  0.730675   3.609966   3.521027   1.195816   1.009650   16.659600   14.539081
183  0.092134   10.409266  0.739483   3.681075   3.580912   1.215332   1.021030   16.871995   14.662926
184  0.092632   10.756922  0.747036   3.752566   3.640839   1.235102   1.033123   17.085996   14.793818
185  0.093130   11.082530  0.753729   3.824440   3.700840   1.255129   1.045753   17.301614   14.929800
186  0.093628   11.392930  0.759791   3.896701   3.760937   1.275415   1.058819   17.518859   15.069722
187  0.094126   11.692655  0.765372   3.969351   3.821146   1.295964   1.072255   17.737742   15.212846
188  0.094624   11.984956  0.770572   4.042393   3.881483   1.316776   1.086016   17.958274   15.358660
189  0.095122   12.272285  0.775466   4.115829   3.941957   1.337856   1.100070   18.180465   15.506794
190  0.095620   12.556654  0.780110   4.189661   4.002578   1.359206   1.114392   18.404326   15.656960
191  0.096118   12.839693  0.784547   4.263893   4.063354   1.380829   1.128962   18.629868   15.808935
192  0.096616   13.122884  0.788812   4.338526   4.124291   1.402727   1.143763   18.857102   15.962532
193  0.097114   13.407591  0.792935   4.413564   4.185394   1.424903   1.158783   19.086038   16.117587
194  0.097612   13.695070  0.796938   4.489008   4.246669   1.447359   1.174008   19.316687   16.273962
195  0.098110   13.986600  0.800844   4.564861   4.308118   1.470100   1.189427   19.549060   16.431523
196  0.098608   14.283498  0.804672   4.641126   4.369745   1.493127   1.205029   19.783169   16.590143
197  0.099106   14.587122  0.808438   4.717806   4.431552   1.516442   1.220802   20.019024   16.749697
198  0.099604   14.898976  0.812159   4.794902   4.493541   1.540050   1.236735   20.256635   16.910056
199  0.100102   15.220732  0.815850   4.872418   4.555712   1.563953   1.252813   20.496015   17.071081
200  0.100600   15.554246  0.819527   4.950355   4.618067   1.588154   1.269024   20.737175   17.232624
201  0.101098   15.901744  0.823205   5.028717   4.680604   1.612655   1.285351   20.980124   17.394514
202  0.101596   16.265821  0.826903   5.107507   4.743321   1.637460   1.301773   21.224875   17.556555
203  0.102094   16.649636  0.830638   5.186726   4.806218   1.662572   1.318268   21.471439   17.718517
204  0.102592   17.057039  0.834431   5.266377   4.869289   1.687992   1.334807   21.719827   17.880123
205  0.103090   17.492955  0.838306   5.346462   4.932529   1.713726   1.351355   21.970049   18.041024
206  0.103588   17.963740  0.842294   5.426986   4.995933   1.739774   1.367864   22.222119   18.200780
207  0.104086   18.477686  0.846429   5.507949   5.059491   1.766141   1.384275   22.476046   18.358826
208  0.104584   19.046317  0.850759   5.589354   5.123190   1.792830   1.400505   22.731842   18.514388
209  0.105082   19.685846  0.855348   5.671205   5.187015   1.819843   1.416441   22.989519   18.666399
210  0.105580   20.420033  0.860280   5.753504   5.250943   1.847184   1.431917   23.249088   18.813332
211  0.106078   21.285995  0.865683   5.836252   5.314945   1.874855   1.446682   23.510561   18.952855
212  0.106576   22.344206  0.871746   5.919454   5.378977   1.902861   1.460338   23.773949   19.081292
213  0.107074   23.699291  0.878755   6.003111   5.442973   1.931203   1.472223   24.039263   19.192553
214  0.107572   25.531400  0.887100   6.087227   5.506834   1.959885   1.481273   24.306516   19.276897
215  0.108070   28.064778  0.896913   6.171803   5.570412   1.988911   1.486407   24.575718   19.324529
216  0.108568   31.193747  0.906910   6.256843   5.633558   2.018283   1.488948   24.846883   19.347988
217  0.109066   34.320566  0.915136   6.342349   5.696251   2.048006   1.492818   25.120020   19.383544
218  0.109564   37.129213  0.921377   6.428323   5.758594   2.078081   1.499543   25.395143   19.445050
219  0.110062   39.636287  0.926221   6.514769   5.820702   2.108512   1.508667   25.672262   19.528128
220  0.110560   41.916456  0.930137   6.601689   5.882663   2.139303   1.519563   25.951390   19.626904
221  0.111058   44.029616  0.933412   6.689085   5.944537   2.170457   1.531790   26.232538   19.737240
222  0.111556   46.017466  0.936224   6.776961   6.006373   2.201977   1.545056   26.515719   19.856423
223  0.112054   47.909023  0.938688   6.865319   6.068205   2.233867   1.559167   26.800944   19.982633
224  0.112552   49.724838  0.940881   6.954161   6.130061   2.266129   1.573990   27.088226   20.114617
225  0.113050   51.480030  0.942857   7.043491   6.191964   2.298768   1.589428   27.377576   20.251476
226  0.113548   53.185910  0.944655   7.133310   6.253935   2.331787   1.605411   27.669006   20.392549
227  0.114046   54.851290  0.946304   7.223623   6.315988   2.365189   1.621888   27.962529   20.537334
228  0.114544   56.482804  0.947827   7.314431   6.378139   2.398978   1.638817   28.258157   20.685454
229  0.115042   58.086177  0.949242   7.405737   6.440399   2.433157   1.656168   28.555901   20.836598
230  0.115540   59.665818  0.950563   7.497544   6.502780   2.467730   1.673914   28.855774   20.990526
231  0.116038   61.225393  0.951801   7.589854   6.565292   2.502700   1.692037   29.157789   21.147042
232  0.116536   62.768010  0.952966   7.682671   6.627944   2.538071   1.710520   29.461957   21.305986
233  0.117034   64.296274  0.954067   7.775996   6.690744   2.573846   1.729351   29.768291   21.467224
234  0.117532   65.812455  0.955109   7.869834   6.753699   2.610030   1.748517   30.076804   21.630644
235  0.118030   67.318350  0.956098   7.964185   6.816818   2.646625   1.768011   30.387507   21.796156
236  0.118528   68.815702  0.957039   8.059054   6.880105   2.683635   1.787826   30.700413   21.963679
237  0.119026   70.305979  0.957936   8.154443   6.943568   2.721064   1.807954   31.015534   22.133144
238  0.119524   71.790461  0.958794   8.250355   7.007212   2.758916   1.828392   31.332884   22.304494
239  0.120022   73.270205  0.959614   8.346792   7.071043   2.797195   1.849136   31.652474   22.477682
240  0.120520   74.746321  0.960401   8.443758   7.135065   2.835903   1.870181   31.974317   22.652662
241  0.121018   76.219669  0.961156   8.541254   7.199285   2.875045   1.891525   32.298427   22.829398
242  0.121516   77.690911  0.961882   8.639285   7.263706   2.914626   1.913167   32.624814   23.007863
243  0.122014   79.161048  0.962581   8.737851   7.328332   2.954647   1.935104   32.953493   23.188022
244  0.122512   80.630816  0.963255   8.836958   7.393170   2.995114   1.957335   33.284476   23.369848
245  0.123010   82.100398  0.963904   8.936606   7.458221   3.036031   1.979860   33.617776   23.553333
246  0.123508   83.570634  0.964532   9.036800   7.523491   3.077400   2.002677   33.953405   23.738451
247  0.124006   85.041946  0.965138   9.137541   7.588984   3.119227   2.025787   34.291377   23.925188
248  0.124504   86.514926  0.965725   9.238833   7.654703   3.161514   2.049190   34.631704   24.113528
249  0.125002   87.989908  0.966293   9.340678   7.720652   3.204266   2.072884   34.974399   24.303462
250  0.125500   89.467268  0.966843   9.443080   7.786834   3.247488   2.096872   35.319476   24.494981
251  0.125998   90.947497  0.967377   9.546041   7.853253   3.291182   2.121154   35.666947   24.688074
252  0.126496   92.430894  0.967894   9.649564   7.919912   3.335353   2.145729   36.016825   24.882734
253  0.126994   93.917831  0.968397   9.753652   7.986815   3.380005   2.170599   36.369123   25.078956
254  0.127492   95.408341  0.968886   9.858307   8.053965   3.425142   2.195766   36.723855   25.276740
255  0.127990   96.903137  0.969361   9.963533   8.121365   3.470769   2.221229   37.081034   25.476073
256  0.128488   98.402122  0.969823  10.069333   8.189018   3.516889   2.246991   37.440673   25.676961
257  0.128986   99.905788  0.970272  10.175708   8.256927   3.563506   2.273052   37.802785   25.879396
258  0.129484  101.414243  0.970710  10.282663   8.325096   3.610625   2.299414   38.167384   26.083380
259  0.129982  102.927780  0.971137  10.390201   8.393526   3.658250   2.326078   38.534482   26.288910
260  0.130480  104.446456  0.971552  10.498323   8.462222   3.706385   2.353046   38.904093   26.495991
261  0.130978  105.970917  0.971957  10.607033   8.531185   3.755034   2.380319   39.276231   26.704613
262  0.131476  107.500881  0.972353  10.716334   8.600420   3.804202   2.407900   39.650910   26.914787
263  0.131974  109.036776  0.972739  10.826228   8.669927   3.853893   2.435789   40.028141   27.126510
264  0.132472  110.578643  0.973115  10.936720   8.739711   3.904111   2.463989   40.407940   27.339787
265  0.132970  112.126882  0.973483  11.047811   8.809774   3.954861   2.492502   40.790319   27.554616
266  0.133468  113.681336  0.973843  11.159504   8.880119   4.006147   2.521329   41.175293   27.771005
267  0.133966  115.242409  0.974194  11.271804   8.950748   4.057974   2.550472   41.562874   27.988952
268  0.134464  116.810109  0.974537  11.384711   9.021663   4.110345   2.579934   41.953077   28.208465
269  0.134962  118.384760  0.974873  11.498230   9.092869   4.163265   2.609716   42.345915   28.429542
270  0.135460  119.966367  0.975201  11.612364   9.164366   4.216740   2.639821   42.741402   28.652191
271  0.135958  121.554919  0.975523  11.727114   9.236158   4.270772   2.670251   43.139552   28.876419
272  0.136456  123.150970  0.975837  11.842486   9.308247   4.325368   2.701007   43.540379   29.102222
273  0.136954  124.754340  0.976145  11.958480   9.380636   4.380531   2.732092   43.943896   29.329610
274  0.137452  126.365102  0.976447  12.075101   9.453327   4.436266   2.763509   44.350118   29.558590
275  0.137950  127.983404  0.976743  12.192351   9.526323   4.492577   2.795259   44.759058   29.789165
276  0.138448  129.609543  0.977032  12.310234   9.599626   4.549470   2.827345   45.170731   30.021339
277  0.138946  131.243467  0.977316  12.428752   9.673239   4.606949   2.859770   45.585150   30.255118
278  0.139444  132.885503  0.977594  12.547908   9.747163   4.665018   2.892535   46.002329   30.490506
279  0.139942  134.535414  0.977867  12.667706   9.821402   4.723683   2.925643   46.422283   30.727513
280  0.140440  136.193669  0.978134  12.788148   9.895957   4.782948   2.959096   46.845026   30.966140
281  0.140938  137.860087  0.978397  12.909238   9.970832   4.842818   2.992898   47.270572   31.206397
282  0.141436  139.534942  0.978654  13.030979  10.046029   4.903297   3.027050   47.698935   31.448288
283  0.141934  141.218159  0.978907  13.153373  10.121549   4.964391   3.061555   48.130129   31.691822
284  0.142432  142.909980  0.979155  13.276424  10.197395   5.026104   3.096416   48.564170   31.937002
285  0.142930  144.610495  0.979398  13.400135  10.273571   5.088442   3.131634   49.001070   32.183836
286  0.143428  146.319714  0.979637  13.524508  10.350077   5.151408   3.167214   49.440845   32.432331
287  0.143926  148.037786  0.979872  13.649548  10.426916   5.215009   3.203156   49.883509   32.682494
288  0.144424  149.764780  0.980102  13.775256  10.504091   5.279249   3.239465   50.329077   32.934330
289  0.144922  151.500779  0.980329  13.901637  10.581604   5.344133   3.276142   50.777562   33.187849
290  0.145420  153.245873  0.980551  14.028693  10.659457   5.409666   3.313191   51.228980   33.443055
291  0.145918  155.000147  0.980770  14.156428  10.737652   5.475853   3.350614   51.683345   33.699957
292  0.146416  156.763554  0.980985  14.284844  10.816193   5.542699   3.388413   52.140671   33.958564
293  0.146914  158.536487  0.981196  14.413944  10.895080   5.610209   3.426593   52.600974   34.218878
294  0.147412  160.318862  0.981404  14.543733  10.974317   5.678389   3.465154   53.064268   34.480910
295  0.147910  162.110484  0.981608  14.674212  11.053905   5.747244   3.504101   53.530568   34.744670
296  0.148408  163.911762  0.981809  14.805386  11.133847   5.816778   3.543436   53.999889   35.010161
297  0.148906  165.723017  0.982007  14.937256  11.214145   5.886997   3.583161   54.472245   35.277388
298  0.149404  167.543806  0.982201  15.069828  11.294801   5.957906   3.623281   54.947651   35.546365
299  0.149902  169.374374  0.982392  15.203103  11.375818   6.029511   3.663797   55.426122   35.817099
300  0.150400  171.214859  0.982580  15.337084  11.457198   6.101817   3.704712   55.907674   36.089595
301  0.150898  173.065034  0.982766  15.471776  11.538943   6.174828   3.746031   56.392320   36.363866
302  0.151396  174.925584  0.982948  15.607181  11.621056   6.248551   3.787755   56.880077   36.639911
303  0.151894  176.796169  0.983127  15.743302  11.703537   6.322991   3.829887   57.370959   36.917744
304  0.152392  178.676970  0.983304  15.880143  11.786391   6.398154   3.872430   57.864982   37.197372
305  0.152890  180.568142  0.983478  16.017707  11.869619   6.474043   3.915388   58.362159   37.478801
306  0.153388  182.469302  0.983649  16.155996  11.953222   6.550666   3.958764   58.862508   37.762046
307  0.153886  184.380723  0.983818  16.295015  12.037205   6.628028   4.002561   59.366042   38.047112
308  0.154384  186.302948  0.983984  16.434767  12.121568   6.706134   4.046780   59.872778   38.334001
309  0.154882  188.235569  0.984147  16.575254  12.206314   6.784989   4.091427   60.382729   38.622727
310  0.155380  190.178703  0.984308  16.716481  12.291445   6.864600   4.136504   60.895913   38.913299
311  0.155878  192.132632  0.984467  16.858450  12.376963   6.944972   4.182013   61.412344   39.205722
312  0.156376  194.097223  0.984623  17.001164  12.462871   7.026110   4.227959   61.932037   39.500007
313  0.156874  196.072666  0.984778  17.144627  12.549170   7.108021   4.274344   62.455008   39.796160
314  0.157372  198.058534  0.984929  17.288843  12.635864   7.190709   4.321173   62.981273   40.094197
315  0.157870  200.056023  0.985079  17.433814  12.722953   7.274181   4.368446   63.510847   40.394112
316  0.158368  202.064127  0.985227  17.579543  12.810442   7.358443   4.416169   64.043746   40.695927
317  0.158866  204.083414  0.985372  17.726035  12.898330   7.443500   4.464343   64.579984   40.999645
318  0.159364  206.113571  0.985516  17.873292  12.986622   7.529357   4.512974   65.119579   41.305278
319  0.159862  208.155341  0.985657  18.021318  13.075318   7.616022   4.562063   65.662546   41.612827
320  0.160360  210.207704  0.985796  18.170116  13.164422   7.703499   4.611616   66.208899   41.922314
321  0.160858  212.271979  0.985934  18.319689  13.253935   7.791795   4.661632   66.758656   42.233732
322  0.161356  214.347255  0.986069  18.470041  13.343859   7.880916   4.712119   67.311832   42.547103
323  0.161854  216.434050  0.986203  18.621176  13.434198   7.970867   4.763077   67.868442   42.862429
324  0.162352  218.532147  0.986335  18.773095  13.524953   8.061655   4.814511   68.428504   43.179723
325  0.162850  220.642098  0.986465  18.925804  13.616125   8.153285   4.866424   68.992031   43.498989
326  0.163348  222.764041  0.986593  19.079304  13.707719   8.245764   4.918819   69.559042   43.820233
327  0.163846  224.897205  0.986720  19.233600  13.799734   8.339098   4.971701   70.129551   44.143475
328  0.164344  227.041876  0.986845  19.388696  13.892175   8.433293   5.025072   70.703575   44.468722
329  0.164842  229.198594  0.986968  19.544593  13.985043   8.528354   5.078936   71.281130   44.795976
330  0.165340  231.367234  0.987090  19.701297  14.078340   8.624289   5.133296   71.862231   45.125249
331  0.165838  233.547811  0.987210  19.858809  14.172069   8.721103   5.188156   72.446896   45.456551
332  0.166336  235.740490  0.987328  20.017135  14.266231   8.818803   5.243519   73.035140   45.789890
333  0.166834  237.945085  0.987445  20.176276  14.360830   8.917395   5.299390   73.626979   46.125277
334  0.167332  240.161755  0.987560  20.336237  14.455866   9.016885   5.355771   74.222431   46.462722
335  0.167830  242.390389  0.987674  20.497021  14.551343   9.117279   5.412667   74.821510   46.802234
336  0.168328  244.631757  0.987787  20.658631  14.647262   9.218585   5.470080   75.424235   47.143817
337  0.168826  246.885195  0.987898  20.821071  14.743626   9.320807   5.528015   76.030620   47.487486
338  0.169324  249.150884  0.988007  20.984344  14.840437   9.423954   5.586475   76.640682   47.833249
339  0.169822  251.429079  0.988116  21.148454  14.937698   9.528030   5.645464   77.254439   48.181115
340  0.170320  253.719786  0.988223  21.313405  15.035410   9.633044   5.704985   77.871906   48.531094
341  0.170818  256.022978  0.988328  21.479199  15.133575   9.739000   5.765042   78.493100   48.883194
342  0.171316  258.339092  0.988432  21.645841  15.232196   9.845907   5.825639   79.118038   49.237424
343  0.171814  260.666974  0.988535  21.813333  15.331276   9.953770   5.886782   79.746736   49.593802
344  0.172312  263.008403  0.988637  21.981680  15.430816  10.062595   5.948470   80.379211   49.952324
345  0.172810  265.362359  0.988737  22.150885  15.530818  10.172391   6.010710   81.015480   50.313007
346  0.173308  267.729250  0.988837  22.320951  15.631286  10.283162   6.073505   81.655559   50.675860
347  0.173806  270.108886  0.988934  22.491882  15.732220  10.394917   6.136859   82.299466   51.040894
348  0.174304  272.501911  0.989031  22.663681  15.833624  10.507661   6.200776   82.947217   51.408112
349  0.174802  274.907249  0.989127  22.836352  15.935499  10.621402   6.265260   83.598829   51.777536
350  0.175300  277.326118  0.989221  23.009899  16.037848  10.736147   6.330314   84.254319   52.149164
351  0.175798  279.757974  0.989315  23.184325  16.140673  10.851901   6.395942   84.913704   52.523011
352  0.176296  282.203115  0.989407  23.359634  16.243976  10.968673   6.462149   85.577001   52.899085
353  0.176794  284.661439  0.989498  23.535829  16.347760  11.086469   6.528938   86.244227   53.277398
354  0.177292  287.132968  0.989588  23.712914  16.452027  11.205295   6.596314   86.915400   53.657960
355  0.177790  289.618014  0.989677  23.890892  16.556778  11.325160   6.664280   87.590535   54.040777
356  0.178288  292.116676  0.989765  24.069768  16.662017  11.446069   6.732840   88.269652   54.425860
357  0.178786  294.628235  0.989852  24.249544  16.767745  11.568030   6.801999   88.952765   54.813225
358  0.179284  297.154141  0.989938  24.430224  16.873966  11.691050   6.871759   89.639894   55.202871
359  0.179782  299.693443  0.990023  24.611813  16.980680  11.815137   6.942127   90.331055   55.594816
360  0.180280  302.246073  0.990107  24.794313  17.087890  11.940296   7.013105   91.026266   55.989070
361  0.180778  304.812797  0.990190  24.977728  17.195599  12.066536   7.084697   91.725543   56.385638
362  0.181276  307.393205  0.990272  25.162063  17.303809  12.193864   7.156908   92.428905   56.784534
363  0.181774  309.987470  0.990353  25.347320  17.412522  12.322287   7.229742   93.136369   57.185768
364  0.182272  312.595604  0.990434  25.533503  17.521741  12.451811   7.303203   93.847952   57.589349
365  0.182770  315.217971  0.990513  25.720616  17.631467  12.582445   7.377295   94.563672   57.995284
366  0.183268  317.853884  0.990591  25.908662  17.741703  12.714196   7.452023   95.283546   58.403592
367  0.183766  320.503749  0.990669  26.097646  17.852452  12.847071   7.527391   96.007592   58.814278
368  0.184264  323.168783  0.990746  26.287571  17.963714  12.981078   7.603401   96.735828   59.227343
369  0.184762  325.846982  0.990821  26.478440  18.075494  13.116223   7.680061   97.468271   59.642815
370  0.185260  328.539796  0.990896  26.670258  18.187793  13.252515   7.757373   98.204940   60.060692
371  0.185758  331.247249  0.990971  26.863028  18.300613  13.389961   7.835342   98.945851   60.480985
372  0.186256  333.969039  0.991044  27.056754  18.413957  13.528568   7.913971   99.691023   60.903707
373  0.186754  336.704816  0.991117  27.251440  18.527827  13.668345   7.993266  100.440474   61.328872
374  0.187252  339.455262  0.991188  27.447089  18.642225  13.809298   8.073231  101.194221   61.756485
375  0.187750  342.220016  0.991259  27.643705  18.757154  13.951436   8.153871  101.952283   62.186560
376  0.188248  344.999756  0.991330  27.841292  18.872616  14.094765   8.235188  102.714677   62.619102
377  0.188746  347.794331  0.991399  28.039853  18.988613  14.239294   8.317189  103.481421   63.054123
378  0.189244  350.603813  0.991468  28.239393  19.105147  14.385031   8.399876  104.252534   63.491634
379  0.189742  353.427686  0.991536  28.439915  19.222222  14.531983   8.483256  105.028033   63.931650
380  0.190240  356.266545  0.991603  28.641423  19.339838  14.680158   8.567333  105.807937   64.374177
381  0.190738  359.120219  0.991670  28.843921  19.457999  14.829563   8.652110  106.592264   64.819226
382  0.191236  361.989310  0.991735  29.047412  19.576707  14.980208   8.737592  107.381032   65.266806
383  0.191734  364.873330  0.991801  29.251901  19.695964  15.132099   8.823784  108.174259   65.716930
384  0.192232  367.772287  0.991865  29.457391  19.815773  15.285245   8.910691  108.971964   66.169609
385  0.192730  370.686397  0.991929  29.663887  19.936136  15.439654   8.998317  109.774164   66.624853
386  0.193228  373.615302  0.991992  29.871391  20.057054  15.595333   9.086667  110.580879   67.082676
387  0.193726  376.560945  0.992054  30.079908  20.178531  15.752291   9.175743  111.392127   67.543074
388  0.194224  379.520004  0.992116  30.289441  20.300569  15.910536   9.265555  112.207926   68.006082
389  0.194722  382.495422  0.992177  30.499995  20.423171  16.070076   9.356104  113.028295   68.471691
390  0.195220  385.486008  0.992238  30.711573  20.546338  16.230918   9.447395  113.853252   68.939920
391  0.195718  388.492465  0.992298  30.924180  20.670073  16.393073   9.539433  114.682816   69.410775
392  0.196216  391.514664  0.992357  31.137818  20.794378  16.556546   9.632222  115.517005   69.884269
393  0.196714  394.552192  0.992416  31.352493  20.919256  16.721348   9.725768  116.355838   70.360415
394  0.197212  397.605949  0.992474  31.568208  21.044708  16.887486   9.820075  117.199334   70.839219
395  0.197710  400.675405  0.992531  31.784966  21.170739  17.054968   9.915148  118.047512   71.320696
396  0.198208  403.759688  0.992588  32.002772  21.297349  17.223803  10.010993  118.900389   71.804862
397  0.198706  406.861030  0.992645  32.221630  21.424541  17.393999  10.107612  119.757986   72.291714
398  0.199204  409.977046  0.992700  32.441543  21.552318  17.565565  10.205014  120.620321   72.781279
399  0.199702  413.110494  0.992756  32.662516  21.680681  17.738510  10.303199  121.487413   73.273550
400  0.200200  416.259296  0.992810  32.884553  21.809634  17.912841  10.402176  122.359281   73.768553
401  0.200698  419.424101  0.992864  33.107657  21.939179  18.088567  10.501947  123.235943   74.266294
402  0.201196  422.605835  0.992918  33.331832  22.069318  18.265697  10.602518  124.117419   74.766779
403  0.201694  425.803321  0.992971  33.557083  22.200053  18.444240  10.703895  125.003728   75.270027
404  0.202192  429.016965  0.993024  33.783413  22.331387  18.624204  10.806083  125.894889   75.776047
405  0.202690  432.247203  0.993076  34.010826  22.463323  18.805597  10.909085  126.790921   76.284847
406  0.203188  435.493985  0.993127  34.239327  22.595862  18.988430  11.012907  127.691843   76.796439
407  0.203686  438.756958  0.993178  34.468919  22.729008  19.172710  11.117554  128.597675   77.310837
408  0.204184  442.036925  0.993229  34.699607  22.862762  19.358446  11.223032  129.508436   77.828047
409  0.204682  445.333428  0.993279  34.931393  22.997127  19.545647  11.329345  130.424144   78.348085
410  0.205180  448.646427  0.993328  35.164284  23.132105  19.734323  11.436498  131.344820   78.870960
411  0.205678  451.976260  0.993377  35.398281  23.267699  19.924481  11.544497  132.270483   79.396685
412  0.206176  455.323087  0.993426  35.633391  23.403911  20.116131  11.653347  133.201152   79.925267
413  0.206674  458.686622  0.993474  35.869616  23.540745  20.309282  11.763053  134.136847   80.456723
414  0.207172  462.067514  0.993521  36.106960  23.678201  20.503943  11.873619  135.077587   80.991058
415  0.207670  465.464128  0.993569  36.345428  23.816283  20.700123  11.985053  136.023391   81.528294
416  0.208168  468.879805  0.993615  36.585024  23.954993  20.897831  12.097357  136.974280   82.068424
417  0.208666  472.310958  0.993662  36.825751  24.094333  21.097076  12.210539  137.930272   82.611480
418  0.209164  475.760020  0.993708  37.067615  24.234306  21.297868  12.324602  138.891388   83.157459
419  0.209662  479.225766  0.993753  37.310619  24.374915  21.500215  12.439554  139.857648   83.706381
420  0.210160  482.710155  0.993798  37.554766  24.516161  21.704128  12.555397  140.829070   84.258246
421  0.210658  486.211225  0.993843  37.800062  24.658048  21.909614  12.672138  141.805675   84.813078
422  0.211156  489.728745  0.993887  38.046511  24.800578  22.116685  12.789784  142.787483   85.370888
423  0.211654  493.264195  0.993930  38.294116  24.943753  22.325348  12.908339  143.774513   85.931681
424  0.212152  496.818016  0.993974  38.542881  25.087575  22.535614  13.027807  144.766785   86.495466
425  0.212650  500.389853  0.994017  38.792811  25.232048  22.747491  13.148194  145.764320   87.062257
426  0.213148  503.978725  0.994059  39.043911  25.377173  22.960990  13.269507  146.767137   87.632072
427  0.213646  507.583802  0.994101  39.296183  25.522954  23.176120  13.391753  147.775257   88.204926
428  0.214144  511.208495  0.994143  39.549632  25.669392  23.392890  13.514932  148.788698   88.780814
429  0.214642  514.851205  0.994184  39.804263  25.816491  23.611311  13.639053  149.807482   89.359755
430  0.215140  518.511877  0.994225  40.060080  25.964252  23.831391  13.764122  150.831629   89.941762
431  0.215638  522.188965  0.994266  40.317087  26.112678  24.053141  13.890144  151.861159   90.526856
432  0.216136  525.885314  0.994306  40.575287  26.261772  24.276569  14.017124  152.896091   91.115033
433  0.216634  529.599675  0.994346  40.834686  26.411537  24.501687  14.145068  153.936447   91.706312
434  0.217132  533.333122  0.994386  41.095287  26.561974  24.728503  14.273981  154.982246   92.300699
435  0.217630  537.082963  0.994425  41.357095  26.713086  24.957028  14.403871  156.033510   92.898221
436  0.218128  540.852324  0.994463  41.620114  26.864876  25.187271  14.534741  157.090257   93.498873
437  0.218626  544.641019  0.994502  41.884348  27.017346  25.419243  14.666596  158.152510   94.102669
438  0.219124  548.445949  0.994540  42.149801  27.170499  25.652953  14.799446  159.220287   94.709637
439  0.219622  552.271270  0.994578  42.416478  27.324337  25.888412  14.933292  160.293610   95.319767
440  0.220120  556.113991  0.994615  42.684383  27.478863  26.125628  15.068144  161.372500   95.933087
441  0.220618  559.975289  0.994652  42.953520  27.634080  26.364614  15.204005  162.456976   96.549604
442  0.221116  563.856422  0.994689  43.223893  27.789990  26.605377  15.340881  163.547060   97.169323
443  0.221614  567.754956  0.994725  43.495508  27.946595  26.847930  15.478779  164.642771   97.792268
444  0.222112  571.673348  0.994761  43.768367  28.103898  27.092281  15.617704  165.744132   98.418440
445  0.222610  575.610477  0.994797  44.042476  28.261902  27.338442  15.757662  166.851162   99.047857
446  0.223108  579.567518  0.994833  44.317838  28.420609  27.586422  15.898657  167.963883   99.680525
447  0.223606  583.540823  0.994868  44.594459  28.580022  27.836232  16.040701  169.082315  100.316475
448  0.224104  587.537266  0.994903  44.872341  28.740143  28.087881  16.183792  170.206478  100.955685
449  0.224602  591.549440  0.994937  45.151491  28.900975  28.341382  16.327943  171.336395  101.598203
450  0.225100  595.582638  0.994971  45.431911  29.062520  28.596743  16.473155  172.472086  102.244017
451  0.225598  599.635680  0.995005  45.713607  29.224782  28.853976  16.619435  173.613571  102.893145
452  0.226096  603.705683  0.995039  45.996582  29.387762  29.113091  16.766793  174.760872  103.545612
453  0.226594  607.795605  0.995072  46.280842  29.551463  29.374098  16.915232  175.914011  104.201418
454  0.227092  611.906125  0.995105  46.566390  29.715889  29.637009  17.064756  177.073007  104.860572
455  0.227590  616.036105  0.995138  46.853231  29.881040  29.901833  17.215374  178.237883  105.523091
456  0.228088  620.186370  0.995171  47.141369  30.046921  30.168582  17.367091  179.408659  106.188984
457  0.228586  624.355077  0.995203  47.430808  30.213533  30.437266  17.519914  180.585356  106.858273
458  0.229084  628.543286  0.995235  47.721554  30.380880  30.707895  17.673850  181.767997  107.530964
459  0.229582  632.751522  0.995266  48.013610  30.548964  30.980482  17.828903  182.956602  108.207069
460  0.230080  636.981196  0.995298  48.306981  30.717787  31.255036  17.985079  184.151192  108.886594
461  0.230578  641.229197  0.995329  48.601672  30.887352  31.531569  18.142387  185.351790  109.569564
462  0.231076  645.497286  0.995360  48.897686  31.057662  31.810091  18.300832  186.558415  110.255986
463  0.231574  649.786930  0.995390  49.195028  31.228719  32.090613  18.460418  187.771091  110.945865
464  0.232072  654.096088  0.995421  49.493703  31.400526  32.373147  18.621155  188.989838  111.639223
465  0.232570  658.424915  0.995451  49.793715  31.573086  32.657703  18.783048  190.214678  112.336071
466  0.233068  662.773814  0.995480  50.095069  31.746401  32.944293  18.946103  191.445632  113.036422
467  0.233566  667.144048  0.995510  50.397769  31.920474  33.232928  19.110325  192.682723  113.740282
468  0.234064  671.534760  0.995539  50.701819  32.095308  33.523618  19.275723  193.925971  114.447668
469  0.234562  675.945360  0.995568  51.007224  32.270904  33.816375  19.442303  195.175399  115.158596
470  0.235060  680.376680  0.995597  51.313989  32.447267  34.111211  19.610070  196.431028  115.873074
471  0.235558  684.827960  0.995626  51.622118  32.624399  34.408137  19.779032  197.692880  116.591118
472  0.236056  689.299827  0.995654  51.931615  32.802301  34.707163  19.949196  198.960977  117.312739
473  0.236554  693.794273  0.995682  52.242486  32.980977  35.008302  20.120565  200.235341  118.037942
474  0.237052  698.308907  0.995710  52.554734  33.160430  35.311565  20.293149  201.515994  118.766749
475  0.237550  702.844163  0.995738  52.868365  33.340663  35.616962  20.466954  202.802957  119.499171
476  0.238048  707.399779  0.995765  53.183382  33.521677  35.924507  20.641986  204.096253  120.235223
477  0.238546  711.976885  0.995792  53.499790  33.703476  36.234210  20.818252  205.395903  120.974913
478  0.239044  716.575645  0.995819  53.817594  33.886062  36.546083  20.995759  206.701930  121.718254
479  0.239542  721.194699  0.995846  54.136799  34.069438  36.860138  21.174513  208.014356  122.465263
480  0.240040  725.835271  0.995873  54.457409  34.253607  37.176386  21.354521  209.333203  123.215949
481  0.240538  730.497518  0.995899  54.779428  34.438571  37.494839  21.535789  210.658493  123.970325
482  0.241036  735.180868  0.995925  55.102861  34.624333  37.815508  21.718325  211.990249  124.728406
483  0.241534  739.886009  0.995951  55.427714  34.810897  38.138407  21.902135  213.328492  125.490201
484  0.242032  744.611814  0.995976  55.753989  34.998263  38.463545  22.087227  214.673246  126.255730
485  0.242530  749.360015  0.996002  56.081693  35.186436  38.790937  22.273606  216.024531  127.024998
486  0.243028  754.129826  0.996027  56.410830  35.375419  39.120592  22.461280  217.382372  127.798022
487  0.243526  758.920723  0.996052  56.741403  35.565212  39.452524  22.650257  218.746789  128.574816
488  0.244024  763.733118  0.996077  57.073419  35.755821  39.786744  22.840542  220.117807  129.355392
489  0.244522  768.569190  0.996102  57.406881  35.947246  40.123264  23.032141  221.495446  130.139756
490  0.245020  773.426548  0.996126  57.741795  36.139491  40.462097  23.225063  222.879730  130.927930
491  0.245518  778.305638  0.996150  58.078164  36.332560  40.803255  23.419315  224.270682  131.719925
492  0.246016  783.205811  0.996174  58.415994  36.526453  41.146749  23.614905  225.668323  132.515758
493  0.246514  788.128620  0.996198  58.755290  36.721175  41.492593  23.811837  227.072678  133.315434
494  0.247012  793.073393  0.996222  59.096055  36.916727  41.840798  24.010121  228.483767  134.118972
495  0.247510  798.043466  0.996246  59.438295  37.113114  42.191376  24.209759  229.901615  134.926371
496  0.248008  803.031892  0.996269  59.782015  37.310337  42.544341  24.410766  231.326243  135.737670
497  0.248506  808.044033  0.996292  60.127218  37.508399  42.899704  24.613144  232.757676  136.552864
498  0.249004  813.079339  0.996315  60.473911  37.707303  43.257479  24.816900  234.195935  137.371968
499  0.249502  818.137849  0.996338  60.822097  37.907052  43.617677  25.022042  235.641044  138.194995
500  0.250000  823.216255  0.996360  61.171781  38.107649  43.980311  25.228580  237.093025  139.021970
501  0.250498  828.318423  0.996383  61.522969  38.309096  44.345394  25.436518  238.551901  139.852894