      density       alpha     S_nem     F(iso)     F(nem)     P(iso)     P(nem)     mu(iso)     mu(nem)
0    0.001000    2.166972  0.217655  -7.869999  -7.977074   0.001038   0.001037   -6.831947   -6.939650
1    0.001498    2.171335  0.218269  -7.446845  -7.554235   0.001584   0.001583   -6.389399   -6.497742
2    0.001996    2.175754  0.218891  -7.140659  -7.248368   0.002150   0.002147   -6.063521   -6.172517
3    0.002494    2.180229  0.219520  -6.898596  -7.006628   0.002736   0.002732   -5.801465   -5.911127
4    0.002992    2.184762  0.220158  -6.697072  -6.805431   0.003343   0.003337   -5.579646   -5.689986
5    0.003490    2.189352  0.220803  -6.523492  -6.632183   0.003972   0.003964   -5.385467   -5.496498
6    0.003988    2.194004  0.221456  -6.370333  -6.479360   0.004622   0.004611   -5.211401   -5.323136
7    0.004486    2.198710  0.222117  -6.232739  -6.342107   0.005294   0.005280   -5.052591   -5.165044
8    0.004984    2.203475  0.222786  -6.107393  -6.217105   0.005989   0.005972   -4.905717   -5.018900
9    0.005482    2.208299  0.223463  -5.991927  -6.101989   0.006707   0.006686   -4.768410   -4.882338
10   0.005980    2.213184  0.224148  -5.884595  -5.995010   0.007449   0.007424   -4.638919   -4.753605
11   0.006478    2.218129  0.224842  -5.784067  -5.894839   0.008215   0.008185   -4.515914   -4.631372
12   0.006976    2.223134  0.225543  -5.689311  -5.800446   0.009006   0.008970   -4.398359   -4.514603
13   0.007474    2.228202  0.226253  -5.599507  -5.711009   0.009821   0.009780   -4.285434   -4.402478
14   0.007972    2.233332  0.226971  -5.513997  -5.625870   0.010663   0.010615   -4.176475   -4.294333
15   0.008470    2.238524  0.227698  -5.432238  -5.544488   0.011530   0.011476   -4.070939   -4.189626
16   0.008968    2.243781  0.228433  -5.353783  -5.466414   0.012424   0.012362   -3.968376   -4.087906
17   0.009466    2.249102  0.229177  -5.278258  -5.391274   0.013346   0.013276   -3.868408   -3.988796
18   0.009964    2.254488  0.229930  -5.205343  -5.318750   0.014295   0.014216   -3.770714   -3.891976
19   0.010462    2.259943  0.230691  -5.134769  -5.248570   0.015272   0.015185   -3.675021   -3.797172
20   0.010960    2.265461  0.231461  -5.066300  -5.180502   0.016278   0.016181   -3.581091   -3.704148
21   0.011458    2.271049  0.232241  -4.999736  -5.114342   0.017313   0.017206   -3.488721   -3.612698
22   0.011956    2.276705  0.233029  -4.934899  -5.049914   0.018378   0.018260   -3.397730   -3.522644
23   0.012454    2.282432  0.233827  -4.871633  -4.987064   0.019474   0.019344   -3.307961   -3.433828
24   0.012952    2.288230  0.234634  -4.809802  -4.925653   0.020601   0.020458   -3.219273   -3.346110
25   0.013450    2.294100  0.235451  -4.749284  -4.865560   0.021759   0.021603   -3.131541   -3.259366
26   0.013948    2.300043  0.236278  -4.689971  -4.806676   0.022949   0.022780   -3.044655   -3.173484
27   0.014446    2.306061  0.237114  -4.631765  -4.748906   0.024172   0.023988   -2.958515   -3.088366
28   0.014944    2.312155  0.237960  -4.574579  -4.692161   0.025428   0.025229   -2.873029   -3.003920
29   0.015442    2.318326  0.238816  -4.518333  -4.636362   0.026718   0.026503   -2.788116   -2.920066
30   0.015940    2.324576  0.239683  -4.462958  -4.581438   0.028043   0.027811   -2.703702   -2.836729
31   0.016438    2.330905  0.240560  -4.408387  -4.527324   0.029402   0.029152   -2.619718   -2.753842
32   0.016936    2.337316  0.241447  -4.354561  -4.473961   0.030797   0.030529   -2.536102   -2.671342
33   0.017434    2.343811  0.242346  -4.301427  -4.421296   0.032229   0.031941   -2.452797   -2.589174
34   0.017932    2.350389  0.243255  -4.248934  -4.369277   0.033698   0.033389   -2.369750   -2.507283
35   0.018430    2.357056  0.244176  -4.197036  -4.317860   0.035204   0.034874   -2.286912   -2.425622
36   0.018928    2.363811  0.245108  -4.145693  -4.267003   0.036748   0.036396   -2.204237   -2.344147
37   0.019426    2.370654  0.246052  -4.094863  -4.216666   0.038331   0.037956   -2.121684   -2.262814
38   0.019924    2.377593  0.247008  -4.044513  -4.166814   0.039954   0.039554   -2.039213   -2.181586
39   0.020422    2.384625  0.247975  -3.994608  -4.117414   0.041616   0.041191   -1.956788   -2.100426
40   0.020920    2.391754  0.248956  -3.945117  -4.068434   0.043320   0.042868   -1.874373   -2.019301
41   0.021418    2.398983  0.249949  -3.896011  -4.019845   0.045065   0.044585   -1.791936   -1.938178
42   0.021916    2.406313  0.250955  -3.847262  -3.971621   0.046852   0.046343   -1.709447   -1.857027
43   0.022414    2.413745  0.251973  -3.798847  -3.923737   0.048683   0.048143   -1.626878   -1.775821
44   0.022912    2.421286  0.253006  -3.750740  -3.876168   0.050556   0.049986   -1.544200   -1.694532
45   0.023410    2.428936  0.254053  -3.702920  -3.828892   0.052474   0.051871   -1.461388   -1.613137
46   0.023908    2.436699  0.255114  -3.655365  -3.781890   0.054437   0.053800   -1.378418   -1.531610
47   0.024406    2.444577  0.256189  -3.608056  -3.735140   0.056446   0.055773   -1.295266   -1.449929
48   0.024904    2.452574  0.257279  -3.560975  -3.688625   0.058501   0.057791   -1.211910   -1.368073
49   0.025402    2.460694  0.258385  -3.514103  -3.642327   0.060603   0.059855   -1.128328   -1.286022
50   0.025900    2.468939  0.259507  -3.467425  -3.596230   0.062754   0.061965   -1.044501   -1.203756
51   0.026398    2.477314  0.260645  -3.420923  -3.550318   0.064953   0.064122   -0.960409   -1.121256
52   0.026896    2.485823  0.261799  -3.374584  -3.504577   0.067201   0.066327   -0.876033   -1.038505
53   0.027394    2.494469  0.262971  -3.328393  -3.458991   0.069500   0.068581   -0.791356   -0.955486
54   0.027892    2.503258  0.264160  -3.282337  -3.413549   0.071849   0.070884   -0.706359   -0.872182
55   0.028390    2.512193  0.265367  -3.236403  -3.368237   0.074251   0.073237   -0.621027   -0.788579
56   0.028888    2.521280  0.266593  -3.190579  -3.323044   0.076704   0.075640   -0.535343   -0.704660
57   0.029386    2.530523  0.267839  -3.144852  -3.277957   0.079212   0.078095   -0.449292   -0.620412
58   0.029884    2.539928  0.269104  -3.099213  -3.232966   0.081773   0.080601   -0.362858   -0.535821
59   0.030382    2.549499  0.270390  -3.053649  -3.188061   0.084390   0.083161   -0.276027   -0.450873
60   0.030880    2.559246  0.271697  -3.008152  -3.143231   0.087062   0.085775   -0.188785   -0.365555
61   0.031378    2.569174  0.273026  -2.962710  -3.098467   0.089791   0.088442   -0.101118   -0.279857
62   0.031876    2.579287  0.274378  -2.917316  -3.053759   0.092578   0.091165   -0.013012   -0.193764
63   0.032374    2.589594  0.275754  -2.871959  -3.009100   0.095423   0.093944    0.075546   -0.107266
64   0.032872    2.600101  0.277153  -2.826632  -2.964480   0.098327   0.096779    0.164568   -0.020352
65   0.033370    2.610817  0.278578  -2.781325  -2.919892   0.101291   0.099672    0.254067    0.066988
66   0.033868    2.621750  0.280029  -2.736031  -2.875328   0.104316   0.102623    0.344056    0.154766
67   0.034366    2.632909  0.281507  -2.690743  -2.830780   0.107404   0.105633    0.434545    0.242992
68   0.034864    2.644304  0.283013  -2.645451  -2.786241   0.110554   0.108703    0.525548    0.331673
69   0.035362    2.655940  0.284547  -2.600151  -2.741705   0.113768   0.111833    0.617075    0.420821
70   0.035860    2.667836  0.286113  -2.554833  -2.697164   0.117046   0.115025    0.709137    0.510444
71   0.036358    2.679997  0.287710  -2.509493  -2.652612   0.120390   0.118278    0.801747    0.600550
72   0.036856    2.692435  0.289340  -2.464122  -2.608044   0.123801   0.121595    0.894914    0.691149
73   0.037354    2.705165  0.291004  -2.418716  -2.563453   0.127279   0.124975    0.988650    0.782246
74   0.037852    2.718200  0.292703  -2.373267  -2.518833   0.130825   0.128420    1.082964    0.873851
75   0.038350    2.731553  0.294440  -2.327770  -2.474179   0.134441   0.131930    1.177868    0.965970
76   0.038848    2.745239  0.296215  -2.282219  -2.429486   0.138128   0.135506    1.273373    1.058610
77   0.039346    2.759274  0.298031  -2.236609  -2.384748   0.141885   0.139148    1.369486    1.151779
78   0.039844    2.773676  0.299889  -2.190933  -2.339961   0.145716   0.142858    1.466220    1.245481
79   0.040342    2.788462  0.301791  -2.145187  -2.295120   0.149619   0.146637    1.563584    1.339723
80   0.040840    2.803656  0.303739  -2.099366  -2.250219   0.153597   0.150484    1.661588    1.434510
81   0.041338    2.819272  0.305736  -2.053464  -2.205256   0.157651   0.154402    1.760241    1.529847
82   0.041836    2.835335  0.307782  -2.007477  -2.160224   0.161781   0.158390    1.859553    1.625739
83   0.042334    2.851868  0.309882  -1.961399  -2.115121   0.165989   0.162449    1.959534    1.722190
84   0.042832    2.868897  0.312037  -1.915226  -2.069942   0.170275   0.166580    2.060193    1.819203
85   0.043330    2.886448  0.314250  -1.868954  -2.024683   0.174641   0.170784    2.161540    1.916782
86   0.043828    2.904553  0.316524  -1.822578  -1.979341   0.179088   0.175061    2.263583    2.014929
87   0.044326    2.923239  0.318861  -1.776094  -1.933911   0.183617   0.179412    2.366333    2.113647
88   0.044824    2.942540  0.321266  -1.729497  -1.888391   0.188229   0.183838    2.469798    2.212937
89   0.045322    2.962490  0.323740  -1.682783  -1.842778   0.192925   0.188339    2.573987    2.312800
90   0.045820    2.983127  0.326289  -1.635949  -1.797067   0.197707   0.192916    2.678910    2.413236
91   0.046318    3.004490  0.328914  -1.588989  -1.751256   0.202575   0.197569    2.784575    2.514244
92   0.046816    3.026621  0.331621  -1.541900  -1.705343   0.207530   0.202300    2.890992    2.615825
93   0.047314    3.049562  0.334412  -1.494679  -1.659323   0.212575   0.207108    2.998169    2.717975
94   0.047812    3.073362  0.337292  -1.447321  -1.613196   0.217709   0.211993    3.106116    2.820692
95   0.048310    3.098070  0.340266  -1.399822  -1.566958   0.222934   0.216957    3.214841    2.923973
96   0.048808    3.123737  0.343336  -1.352180  -1.520606   0.228252   0.221999    3.324354    3.027813
97   0.049306    3.150420  0.346508  -1.304390  -1.474140   0.233664   0.227120    3.434662    3.132206
98   0.049804    3.178167  0.349785  -1.256448  -1.427556   0.239170   0.232321    3.545775    3.237147
99   0.050302    3.207038  0.353172  -1.208352  -1.380853   0.244772   0.237601    3.657702    3.342629
100  0.050800    3.237092  0.356672  -1.160097  -1.334028   0.250472   0.242960    3.770452    3.448644
101  0.051298    3.268388  0.360289  -1.111681  -1.287082   0.256270   0.248398    3.884032    3.555182
102  0.051796    3.300982  0.364027  -1.063099  -1.240011   0.262168   0.253917    3.998453    3.662236
103  0.052294    3.334931  0.367887  -1.014350  -1.192814   0.268167   0.259515    4.113722    3.769795
104  0.052792    3.370292  0.371874  -0.965428  -1.145492   0.274269   0.265192    4.229848    3.877849
105  0.053290    3.407113  0.375986  -0.916332  -1.098041   0.280474   0.270949    4.346840    3.986387
106  0.053788    3.445444  0.380227  -0.867057  -1.050462   0.286785   0.276786    4.464707    4.095399
107  0.054286    3.485324  0.384595  -0.817602  -1.002754   0.293202   0.282701    4.583458    4.204874
108  0.054784    3.526784  0.389087  -0.767962  -0.954916   0.299727   0.288696    4.703101    4.314805
109  0.055282    3.569859  0.393704  -0.718134  -0.906948   0.306361   0.294771    4.823644    4.425180
110  0.055780    3.614562  0.398439  -0.668116  -0.858849   0.313105   0.300924    4.945097    4.535993
111  0.056278    3.660906  0.403290  -0.617904  -0.810618   0.319961   0.307157    5.067468    4.647236
112  0.056776    3.708892  0.408250  -0.567496  -0.762257   0.326931   0.313469    5.190766    4.758906
113  0.057274    3.758518  0.413312  -0.516888  -0.713763   0.334016   0.319861    5.314999    4.870996
114  0.057772    3.809773  0.418470  -0.466078  -0.665137   0.341216   0.326333    5.440177    4.983506
115  0.058270    3.862646  0.423716  -0.415062  -0.616379   0.348534   0.332886    5.566307    5.096433
116  0.058768    3.917124  0.429043  -0.363839  -0.567489   0.355972   0.339518    5.693399    5.209776
117  0.059266    3.973196  0.434444  -0.312403  -0.518466   0.363530   0.346232    5.821462    5.323537
118  0.059764    4.030852  0.439912  -0.260754  -0.469310   0.371210   0.353027    5.950503    5.437715
119  0.060262    4.090096  0.445440  -0.208888  -0.420022   0.379013   0.359905    6.080532    5.552309
120  0.060760    4.150938  0.451025  -0.156803  -0.370601   0.386942   0.366864    6.211558    5.667320
121  0.061258    4.213401  0.456662  -0.104495  -0.321046   0.394997   0.373906    6.343590    5.782745
122  0.061756    4.277527  0.462349  -0.051962  -0.271358   0.403180   0.381031    6.476635    5.898579
123  0.062254    4.343372  0.468085   0.000799  -0.221537   0.411493   0.388238    6.610703    6.014818
124  0.062752    4.411017  0.473870   0.053791  -0.171583   0.419937   0.395528    6.745803    6.131451
125  0.063250    4.480564  0.479706   0.107016  -0.121496   0.428514   0.402900    6.881943    6.248467
126  0.063748    4.552141  0.485597   0.160476  -0.071275   0.437226   0.410354    7.019133    6.365850
127  0.064246    4.625907  0.491547   0.214176  -0.020922   0.446073   0.417888    7.157380    6.483578
128  0.064744    4.702057  0.497566   0.268117   0.029563   0.455058   0.425502    7.296695    6.601626
129  0.065242    4.780821  0.503659   0.322302   0.080180   0.464183   0.433193    7.437086    6.719962
130  0.065740    4.862478  0.509841   0.376734   0.130927   0.473448   0.440959    7.578562    6.838546
131  0.066238    4.947359  0.516122   0.431415   0.181804   0.482856   0.448797    7.721131    6.957331
132  0.066736    5.035858  0.522519   0.486348   0.232808   0.492409   0.456705    7.864803    7.076260
133  0.067234    5.128445  0.529051   0.541536   0.283938   0.502107   0.464676    8.009587    7.195264
134  0.067732    5.225684  0.535738   0.596980   0.335191   0.511953   0.472706    8.155492    7.314260
135  0.068230    5.328246  0.542607   0.652685   0.386564   0.521949   0.480788    8.302526    7.433149
136  0.068728    5.436953  0.549686   0.708651   0.438054   0.532095   0.488914    8.450699    7.551808
137  0.069226    5.552786  0.557011   0.764882   0.489654   0.542395   0.497073    8.600019    7.670095
138  0.069724    5.676941  0.564622   0.821381   0.541361   0.552850   0.505253    8.750497    7.787834
139  0.070222    5.810866  0.572563   0.878150   0.593167   0.563461   0.513439    8.902141    7.904819
140  0.070720    5.956313  0.580886   0.935191   0.645064   0.574230   0.521612    9.054959    8.020799
141  0.071218    6.115356  0.589646   0.992507   0.697041   0.585159   0.529752    9.208962    8.135491
142  0.071716    6.290378  0.598895   1.050101   0.749088   0.596251   0.537833    9.364159    8.248577
143  0.072214    6.483921  0.608673   1.107975   0.801190   0.607506   0.545833    9.520558    8.359737
144  0.072712    6.698290  0.618987   1.166131   0.853333   0.618927   0.553730    9.678169    8.468715
145  0.073210    6.934830  0.629781   1.224572   0.905499   0.630516   0.561515    9.837001    8.575428
146  0.073708    7.192870  0.640905   1.283301   0.957675   0.642274   0.569205    9.997063    8.680106
147  0.074206    7.468855  0.652111   1.342320   1.009848   0.654203   0.576844   10.158366    8.783394
148  0.074704    7.756597  0.663095   1.401632   1.062011   0.666306   0.584504   10.320917    8.886272
149  0.075202    8.048846  0.673583   1.461239   1.114167   0.678584   0.592263   10.484727    8.989799
150  0.075700    8.339327  0.683397   1.521143   1.166322   0.691040   0.600188   10.649805    9.094833
151  0.076198    8.623822  0.692465   1.581347   1.218489   0.703674   0.608320   10.816160    9.201905
152  0.076696    8.900215  0.700802   1.641854   1.270680   0.716490   0.616679   10.983802    9.311244
153  0.077194    9.167849  0.708463   1.702665   1.322911   0.729489   0.625269   11.152741    9.422882
154  0.077692    9.426967  0.715522   1.763785   1.375195   0.742673   0.634087   11.322985    9.536745
155  0.078190    9.678234  0.722054   1.825214   1.427545   0.756045   0.643126   11.494544    9.652711
156  0.078688    9.922521  0.728128   1.886955   1.479972   0.769606   0.652377   11.667428    9.770646
157  0.079186   10.160708  0.733803   1.949012   1.532488   0.783358   0.661831   11.841647    9.890422
158  0.079684   10.393656  0.739133   2.011386   1.585101   0.797304   0.671483   12.017210   10.011920
159  0.080182   10.622156  0.744160   2.074079   1.637821   0.811446   0.681324   12.194127   10.135037
160  0.080680   10.846942  0.748922   2.137095   1.690654   0.825785   0.691349   12.372407   10.259683
161  0.081178   11.068657  0.753451   2.200436   1.743608   0.840324   0.701554   12.552061   10.385779
162  0.081676   11.287921  0.757774   2.264103   1.796690   0.855066   0.711934   12.733098   10.513256
163  0.082174   11.505274  0.761914   2.328101   1.849904   0.870011   0.722486   12.915528   10.642055
164  0.082672   11.721215  0.765890   2.392430   1.903258   0.885163   0.733207   13.099360   10.772124
165  0.083170   11.936205  0.769720   2.457095   1.956755   0.900524   0.744094   13.284605   10.903418
166  0.083668   12.150694  0.773420   2.522096   2.010400   0.916096   0.755145   13.471272   11.035896
167  0.084166   12.365089  0.777003   2.587437   2.064197   0.931880   0.766359   13.659371   11.169521
168  0.084664   12.579802  0.780480   2.653119   2.118151   0.947881   0.777733   13.848913   11.304259
169  0.085162   12.795200  0.783861   2.719146   2.172265   0.964099   0.789266   14.039907   11.440080
170  0.085660   13.011675  0.787157   2.785520   2.226543   0.980537   0.800956   14.232364   11.576955
171  0.086158   13.229596  0.790376   2.852244   2.280987   0.997197   0.812803   14.426293   11.714857
172  0.086656   13.449357  0.793526   2.919319   2.335601   1.014082   0.824805   14.621704   11.853758
173  0.087154   13.671336  0.796614   2.986749   2.390387   1.031194   0.836961   14.818608   11.993634
174  0.087652   13.895923  0.799646   3.054535   2.445348   1.048535   0.849270   15.017015   12.134458
175  0.088150   14.123543  0.802628   3.122680   2.500486   1.066109   0.861730   15.216935   12.276205
176  0.088648   14.354617  0.805567   3.191188   2.555803   1.083916   0.874339   15.418378   12.418849
177  0.089146   14.589603  0.808468   3.260059   2.611302   1.101960   0.887097   15.621354   12.562361
178  0.089644   14.828993  0.811336   3.329297   2.666984   1.120243   0.900001   15.825875   12.706712
179  0.090142   15.073311  0.814177   3.398905   2.722850   1.138768   0.913050   16.031949   12.851871
180  0.090640   15.323126  0.816994   3.468884   2.778902   1.157537   0.926241   16.239588   12.997805
181  0.091138   15.579056  0.819794   3.539237   2.835141   1.176552   0.939572   16.448801   13.144477
182  0.091636   15.841802  0.822582   3.609966   2.891568   1.195816   0.953040   16.659600   13.291847
183  0.092134   16.112067  0.825360   3.681075   2.948183   1.215332   0.966641   16.871995   13.439873
184  0.092632   16.390758  0.828137   3.752566   3.004987   1.235102   0.980372   17.085996   13.588502
185  0.093130   16.678785  0.830915   3.824440   3.061979   1.255129   0.994228   17.301614   13.737681
186  0.093628   16.977216  0.833701   3.896701   3.119160   1.275415   1.008204   17.518859   13.887349
187  0.094126   17.287278  0.836500   3.969351   3.176529   1.295964   1.022293   17.737742   14.037432
188  0.094624   17.610331  0.839319   4.042393   3.234085   1.316776   1.036489   17.958274   14.187853
189  0.095122   17.947981  0.842163   4.115829   3.291827   1.337856   1.050783   18.180465   14.338519
190  0.095620   18.302095  0.845040   4.189661   3.349752   1.359206   1.065165   18.404326   14.489320
191  0.096118   18.674801  0.847958   4.263893   3.407858   1.380829   1.079624   18.629868   14.640135
192  0.096616   19.068645  0.850924   4.338526   3.466143   1.402727   1.094145   18.857102   14.790819
193  0.097114   19.486598  0.853948   4.413564   3.524601   1.424903   1.108712   19.086038   14.941203
194  0.097612   19.932257  0.857041   4.489008   3.583229   1.447359   1.123305   19.316687   15.091087
195  0.098110   20.409823  0.860214   4.564861   3.642021   1.470100   1.137901   19.549060   15.240238
196  0.098608   20.924482  0.863479   4.641126   3.700970   1.493127   1.152471   19.783169   15.388373
197  0.099106   21.482436  0.866852   4.717806   3.760068   1.516442   1.166982   20.019024   15.535162
198  0.099604   22.091165  0.870346   4.794902   3.819305   1.540050   1.181394   20.256635   15.680213
199  0.100102   22.759674  0.873979   4.872418   3.878668   1.563953   1.195659   20.496015   15.823070
200  0.100600   23.498792  0.877767   4.950355   3.938145   1.588154   1.209721   20.737175   15.963202
201  0.101098   24.321042  0.881722   5.028717   3.997718   1.612655   1.223519   20.980124   16.100023
202  0.101596   25.240205  0.885851   5.107507   4.057368   1.637460   1.236989   21.224875   16.232936
203  0.102094   26.270281  0.890150   5.186726   4.117074   1.662572   1.250073   21.471439   16.361404
204  0.102592   27.422766  0.894591   5.266377   4.176812   1.687992   1.262733   21.719827   16.485110
205  0.103090   28.702746  0.899122   5.346462   4.236559   1.713726   1.274976   21.970049   16.604157
206  0.103588   30.104691  0.903658   5.426986   4.296295   1.739774   1.286868   22.222119   16.719241
207  0.104086   31.610697  0.908098   5.507949   4.356002   1.766141   1.298541   22.476046   16.831658
208  0.104584   33.192971  0.912342   5.589354   4.415673   1.792830   1.310166   22.731842   16.943078
209  0.105082   34.820866  0.916319   5.671205   4.475307   1.819843   1.321914   22.989519   17.055143
210  0.105580   36.467302  0.919990   5.753504   4.534912   1.847184   1.333923   23.249088   17.169151
211  0.106078   38.112303  0.923351   5.836252   4.594498   1.874855   1.346283   23.510561   17.285943
212  0.106576   39.743159  0.926415   5.919454   4.654081   1.902861   1.359044   23.773949   17.405957
213  0.107074   41.353041  0.929208   6.003111   4.713675   1.931203   1.372224   24.039263   17.529340
214  0.107572   42.939007  0.931761   6.087227   4.773297   1.959885   1.385825   24.306516   17.656066
215  0.108070   44.500441  0.934100   6.171803   4.832961   1.988911   1.399837   24.575718   17.786022
216  0.108568   46.038403  0.936252   6.256843   4.892680   2.018283   1.414246   24.846883   17.919042
217  0.109066   47.554540  0.938241   6.342349   4.952468   2.048006   1.429036   25.120020   18.054956
218  0.109564   49.050548  0.940086   6.428323   5.012337   2.078081   1.444193   25.395143   18.193606
219  0.110062   50.528583  0.941803   6.514769   5.072297   2.108512   1.459701   25.672262   18.334833
220  0.110560   51.990667  0.943407   6.601689   5.132359   2.139303   1.475549   25.951390   18.478496
221  0.111058   53.438597  0.944911   6.689085   5.192531   2.170457   1.491725   26.232538   18.624474
222  0.111556   54.874075  0.946326   6.776961   5.252823   2.201977   1.508219   26.515719   18.772659
223  0.112054   56.298776  0.947659   6.865319   5.313242   2.233867   1.525023   26.800944   18.922953
224  0.112552   57.714129  0.948920   6.954161   5.373796   2.266129   1.542128   27.088226   19.075271
225  0.113050   59.121425  0.950115   7.043491   5.434492   2.298768   1.559530   27.377576   19.229541
226  0.113548   60.521916  0.951250   7.133310   5.495336   2.331787   1.577223   27.669006   19.385698
227  0.114046   61.916718  0.952330   7.223623   5.556335   2.365189   1.595201   27.962529   19.543683
228  0.114544   63.306740  0.953360   7.314431   5.617494   2.398978   1.613462   28.258157   19.703451
229  0.115042   64.692867  0.954344   7.405737   5.678819   2.433157   1.632002   28.555901   19.864958
230  0.115540   66.076059  0.955285   7.497544   5.740315   2.467730   1.650818   28.855774   20.028162
231  0.116038   67.456923  0.956186   7.589854   5.801988   2.502700   1.669908   29.157789   20.193035
232  0.116536   68.836156  0.957051   7.682671   5.863841   2.538071   1.689271   29.461957   20.359546
233  0.117034   70.214497  0.957882   7.775996   5.925880   2.573846   1.708906   29.768291   20.527667
234  0.117532   71.592428  0.958681   7.869834   5.988109   2.610030   1.728810   30.076804   20.697379
235  0.118030   72.970575  0.959451   7.964185   6.050532   2.646625   1.748984   30.387507   20.868659
236  0.118528   74.349326  0.960193   8.059054   6.113153   2.683635   1.769426   30.700413   21.041493
237  0.119026   75.729214  0.960908   8.154443   6.175977   2.721064   1.790138   31.015534   21.215865
238  0.119524   77.110637  0.961599   8.250355   6.239007   2.758916   1.811118   31.332884   21.391761
239  0.120022   78.494024  0.962267   8.346792   6.302247   2.797195   1.832367   31.652474   21.569171
240  0.120520   79.879718  0.962914   8.443758   6.365701   2.835903   1.853885   31.974317   21.748084
241  0.121018   81.268053  0.963539   8.541254   6.429371   2.875045   1.875673   32.298427   21.928494
242  0.121516   82.659261  0.964146   8.639285   6.493262   2.914626   1.897732   32.624814   22.110395
243  0.122014   84.053889  0.964733   8.737851   6.557377   2.954647   1.920061   32.953493   22.293776
244  0.122512   85.452164  0.965303   8.836958   6.621720   2.995114   1.942662   33.284476   22.478633
245  0.123010   86.854107  0.965857   8.936606   6.686292   3.036031   1.965537   33.617776   22.664969
246  0.123508   88.260145  0.966395   9.036800   6.751098   3.077400   1.988686   33.953405   22.852777
247  0.124006   89.670538  0.966917   9.137541   6.816141   3.119227   2.012110   34.291377   23.042053
248  0.124504   91.085467  0.967425   9.238833   6.881424   3.161514   2.035811   34.631704   23.232798
249  0.125002   92.505310  0.967920   9.340678   6.946949   3.204266   2.059790   34.974399   23.425007
250  0.125500   93.930121  0.968401   9.443080   7.012720   3.247488   2.084048   35.319476   23.618683
251  0.125998   95.359806  0.968870   9.546041   7.078739   3.291182   2.108588   35.666947   23.813833
252  0.126496   96.795323  0.969327   9.649564   7.145010   3.335353   2.133410   36.016825   24.010442
253  0.126994   98.236191  0.969772   9.753652   7.211535   3.380005   2.158516   36.369123   24.208524
254  0.127492   99.682680  0.970206   9.858307   7.278316   3.425142   2.183908   36.723855   24.408079
255  0.127990  101.135163  0.970630   9.963533   7.345358   3.470769   2.209587   37.081034   24.609105
256  0.128488  102.593627  0.971043  10.069333   7.412661   3.516889   2.235556   37.440673   24.811609
257  0.128986  104.058221  0.971447  10.175708   7.480230   3.563506   2.261816   37.802785   25.015592
258  0.129484  105.529265  0.971841  10.282663   7.548066   3.610625   2.288369   38.167384   25.221055
259  0.129982  107.006760  0.972226  10.390201   7.616173   3.658250   2.315217   38.534482   25.428004
260  0.130480  108.490925  0.972603  10.498323   7.684552   3.706385   2.342362   38.904093   25.636440
261  0.130978  109.981790  0.972971  10.607033   7.753206   3.755034   2.369807   39.276231   25.846371
262  0.131476  111.479543  0.973331  10.716334   7.822139   3.804202   2.397552   39.650910   26.057799
263  0.131974  112.984216  0.973683  10.826228   7.891352   3.853893   2.425600   40.028141   26.270730
264  0.132472  114.496248  0.974027  10.936720   7.960848   3.904111   2.453953   40.407940   26.485163
265  0.132970  116.015318  0.974364  11.047811   8.030629   3.954861   2.482614   40.790319   26.701110
266  0.133468  117.541631  0.974694  11.159504   8.100698   4.006147   2.511585   41.175293   26.918576
267  0.133966  119.075594  0.975018  11.271804   8.171058   4.057974   2.540866   41.562874   27.137560
268  0.134464  120.616950  0.975334  11.384711   8.241710   4.110345   2.570463   41.953077   27.358074
269  0.134962  122.166236  0.975644  11.498230   8.312657   4.163265   2.600375   42.345915   27.580116
270  0.135460  123.723013  0.975948  11.612364   8.383902   4.216740   2.630606   42.741402   27.803701
271  0.135958  125.287769  0.976246  11.727114   8.455446   4.270772   2.661158   43.139552   28.028828
272  0.136456  126.860538  0.976538  11.842486   8.527293   4.325368   2.692033   43.540379   28.255504
273  0.136954  128.441339  0.976825  11.958480   8.599444   4.380531   2.723233   43.943896   28.483737
274  0.137452  130.030133  0.977106  12.075101   8.671903   4.436266   2.754762   44.350118   28.713535
275  0.137950  131.627362  0.977382  12.192351   8.744670   4.492577   2.786621   44.759058   28.944898
276  0.138448  133.233082  0.977652  12.310234   8.817749   4.549470   2.818813   45.170731   29.177834
277  0.138946  134.846762  0.977918  12.428752   8.891142   4.606949   2.851341   45.585150   29.412360
278  0.139444  136.469291  0.978178  12.547908   8.964851   4.665018   2.884206   46.002329   29.648468
279  0.139942  138.100377  0.978434  12.667706   9.038879   4.723683   2.917412   46.422283   29.886172
280  0.140440  139.740073  0.978685  12.788148   9.113227   4.782948   2.950961   46.845026   30.125479
281  0.140938  141.388604  0.978932  12.909238   9.187898   4.842818   2.984855   47.270572   30.366394
282  0.141436  143.045766  0.979174  13.030979   9.262895   4.903297   3.019098   47.698935   30.608928
283  0.141934  144.711903  0.979412  13.153373   9.338219   4.964391   3.053691   48.130129   30.853085
284  0.142432  146.387174  0.979646  13.276424   9.413873   5.026104   3.088637   48.564170   31.098869
285  0.142930  148.071331  0.979876  13.400135   9.489859   5.088442   3.123940   49.001070   31.346294
286  0.143428  149.764883  0.980102  13.524508   9.566179   5.151408   3.159601   49.440845   31.595360
287  0.143926  151.467464  0.980325  13.649548   9.642836   5.215009   3.195624   49.883509   31.846081
288  0.144424  153.179363  0.980543  13.775256   9.719831   5.279249   3.232011   50.329077   32.098461
289  0.144922  154.900659  0.980758  13.901637   9.797168   5.344133   3.268765   50.777562   32.352509
290  0.145420  156.631465  0.980969  14.028693   9.874847   5.409666   3.305889   51.228980   32.608230
291  0.145918  158.371664  0.981177  14.156428   9.952872   5.475853   3.343385   51.683345   32.865635
292  0.146416  160.121636  0.981381  14.284844  10.031245   5.542699   3.381256   52.140671   33.124729
293  0.146914  161.881214  0.981582  14.413944  10.109967   5.610209   3.419505   52.600974   33.385520
294  0.147412  163.650323  0.981780  14.543733  10.189042   5.678389   3.458135   53.064268   33.648021
295  0.147910  165.429243  0.981975  14.674212  10.268470   5.747244   3.497149   53.530568   33.912234
296  0.148408  167.218185  0.982167  14.805386  10.348255   5.816778   3.536550   53.999889   34.178168
297  0.148906  169.017033  0.982355  14.937256  10.428399   5.886997   3.576340   54.472245   34.445831
298  0.149404  170.825885  0.982541  15.069828  10.508903   5.957906   3.616522   54.947651   34.715232
299  0.149902  172.644729  0.982724  15.203103  10.589771   6.029511   3.657100   55.426122   34.986379
300  0.150400  174.473727  0.982904  15.337084  10.671003   6.101817   3.698077   55.907674   35.259280
301  0.150898  176.312999  0.983081  15.471776  10.752603   6.174828   3.739454   56.392320   35.533942
302  0.151396  178.162398  0.983256  15.607181  10.834573   6.248551   3.781237   56.880077   35.810377
303  0.151894  180.022056  0.983428  15.743302  10.916914   6.322991   3.823427   57.370959   36.088590
304  0.152392  181.892366  0.983597  15.880143  10.999630   6.398154   3.866026   57.864982   36.368587
305  0.152890  183.772917  0.983764  16.017707  11.082721   6.474043   3.909040   58.362159   36.650382
306  0.153388  185.664123  0.983929  16.155996  11.166191   6.550666   3.952470   58.862508   36.933979
307  0.153886  187.565874  0.984091  16.295015  11.250041   6.628028   3.996319   59.366042   37.219388
308  0.154384  189.477870  0.984251  16.434767  11.334273   6.706134   4.040592   59.872778   37.506623
309  0.154882  191.401514  0.984408  16.575254  11.418891   6.784989   4.085289   60.382729   37.795676
310  0.155380  193.335251  0.984563  16.716481  11.503895   6.864600   4.130417   60.895913   38.086574
311  0.155878  195.279879  0.984716  16.858450  11.589289   6.944972   4.175976   61.412344   38.379317
312  0.156376  197.235404  0.984867  17.001164  11.675074   7.026110   4.221971   61.932037   38.673916
313  0.156874  199.202012  0.985016  17.144627  11.761252   7.108021   4.268404   62.455008   38.970376
314  0.157372  201.179595  0.985162  17.288843  11.847827   7.190709   4.315279   62.981273   39.268709
315  0.157870  203.168337  0.985307  17.433814  11.934799   7.274181   4.362599   63.510847   39.568922
316  0.158368  205.168156  0.985449  17.579543  12.022171   7.358443   4.410367   64.043746   39.871025
317  0.158866  207.178909  0.985590  17.726035  12.109945   7.443500   4.458588   64.579984   40.175030
318  0.159364  209.201358  0.985728  17.873292  12.198124   7.529357   4.507262   65.119579   40.480937
319  0.159862  211.234732  0.985865  18.021318  12.286709   7.616022   4.556396   65.662546   40.788764
320  0.160360  213.279764  0.986000  18.170116  12.375703   7.703499   4.605990   66.208899   41.098514
321  0.160858  215.336306  0.986133  18.319689  12.465108   7.791795   4.656049   66.758656   41.410197
322  0.161356  217.404030  0.986264  18.470041  12.554926   7.880916   4.706577   67.311832   41.723827
323  0.161854  219.483680  0.986394  18.621176  12.645159   7.970867   4.757576   67.868442   42.039404
324  0.162352  221.574497  0.986522  18.773095  12.735810   8.061655   4.809051   68.428504   42.356947
325  0.162850  223.677348  0.986648  18.925804  12.826880   8.153285   4.861004   68.992031   42.676457
326  0.163348  225.791985  0.986772  19.079304  12.918372   8.245764   4.913438   69.559042   42.997945
327  0.163846  227.918099  0.986895  19.233600  13.010288   8.339098   4.966359   70.129551   43.321425
328  0.164344  230.056492  0.987016  19.388696  13.102630   8.433293   5.019767   70.703575   43.646898
329  0.164842  232.206484  0.987136  19.544593  13.195401   8.528354   5.073669   71.281130   43.974381
330  0.165340  234.368557  0.987254  19.701297  13.288602   8.624289   5.128066   71.862231   44.303878
331  0.165838  236.542363  0.987371  19.858809  13.382236   8.721103   5.182963   72.446896   44.635404
332  0.166336  238.728930  0.987486  20.017135  13.476305   8.818803   5.238362   73.035140   44.968957
333  0.166834  240.927249  0.987600  20.176276  13.570811   8.917395   5.294268   73.626979   45.304559
334  0.167332  243.137734  0.987712  20.336237  13.665757   9.016885   5.350684   74.222431   45.642213
335  0.167830  245.360662  0.987823  20.497021  13.761144   9.117279   5.407614   74.821510   45.981928
336  0.168328  247.595797  0.987932  20.658631  13.856974   9.218585   5.465062   75.424235   46.323716
337  0.168826  249.843425  0.988041  20.821071  13.953251   9.320807   5.523030   76.030620   46.667584
338  0.169324  252.103711  0.988147  20.984344  14.049975   9.423954   5.581523   76.640682   47.013541
339  0.169822  254.375956  0.988253  21.148454  14.147150   9.528030   5.640545   77.254439   47.361603
340  0.170320  256.661079  0.988357  21.313405  14.244778   9.633044   5.700098   77.871906   47.711771
341  0.170818  258.958659  0.988460  21.479199  14.342860   9.739000   5.760188   78.493100   48.064060
342  0.171316  261.269146  0.988562  21.645841  14.441399   9.845907   5.820817   79.118038   48.418476
343  0.171814  263.591995  0.988662  21.813333  14.540397   9.953770   5.881990   79.746736   48.775033
344  0.172312  265.928392  0.988761  21.981680  14.639856  10.062595   5.943709   80.379211   49.133731
345  0.172810  268.276991  0.988859  22.150885  14.739780  10.172391   6.005979   81.015480   49.494593
346  0.173308  270.638799  0.988956  22.320951  14.840169  10.283162   6.068804   81.655559   49.857619
347  0.173806  273.013300  0.989052  22.491882  14.941025  10.394917   6.132188   82.299466   50.222824
348  0.174304  275.401117  0.989146  22.663681  15.042353  10.507661   6.196134   82.947217   50.590213
349  0.174802  277.801906  0.989240  22.836352  15.144152  10.621402   6.260647   83.598829   50.959800
350  0.175300  280.215810  0.989332  23.009899  15.246426  10.736147   6.325730   84.254319   51.331592
351  0.175798  282.643019  0.989423  23.184325  15.349178  10.851901   6.391386   84.913704   51.705600
352  0.176296  285.083821  0.989514  23.359634  15.452408  10.968673   6.457621   85.577001   52.081830
353  0.176794  287.537281  0.989603  23.535829  15.556119  11.086469   6.524438   86.244227   52.460302
354  0.177292  290.004001  0.989691  23.712914  15.660315  11.205295   6.591842   86.915400   52.841019
355  0.177790  292.485029  0.989778  23.890892  15.764996  11.325160   6.659834   87.590535   53.223985
356  0.178288  294.979179  0.989864  24.069768  15.870165  11.446069   6.728420   88.269652   53.609219
357  0.178786  297.486995  0.989949  24.249544  15.975825  11.568030   6.797605   88.952765   53.996727
358  0.179284  300.007930  0.990034  24.430224  16.081977  11.691050   6.867392   89.639894   54.386524
359  0.179782  302.542331  0.990117  24.611813  16.188624  11.815137   6.937786   90.331055   54.778618
360  0.180280  305.091626  0.990199  24.794313  16.295768  11.940296   7.008789   91.026266   55.173007
361  0.180778  307.654262  0.990280  24.977728  16.403411  12.066536   7.080406   91.725543   55.569715
362  0.181276  310.230408  0.990361  25.162063  16.511556  12.193864   7.152642   92.428905   55.968751
363  0.181774  312.820206  0.990440  25.347320  16.620205  12.322287   7.225502   93.136369   56.370124
364  0.182272  315.424652  0.990519  25.533503  16.729360  12.451811   7.298987   93.847952   56.773837
365  0.182770  318.042800  0.990597  25.720616  16.839023  12.582445   7.373103   94.563672   57.179908
366  0.183268  320.675555  0.990674  25.908662  16.949197  12.714196   7.447854   95.283546   57.588340
367  0.183766  323.321645  0.990750  26.097646  17.059884  12.847071   7.523246   96.007592   57.999155
368  0.184264  325.982479  0.990825  26.287571  17.171086  12.981078   7.599281   96.735828   58.412351
369  0.184762  328.657139  0.990900  26.478440  17.282806  13.116223   7.675964   97.468271   58.827947
370  0.185260  331.346511  0.990973  26.670258  17.395045  13.252515   7.753298   98.204940   59.245947
371  0.185758  334.049842  0.991046  26.863028  17.507806  13.389961   7.831290   98.945851   59.666367
372  0.186256  336.768335  0.991118  27.056754  17.621092  13.528568   7.909941   99.691023   60.089208
373  0.186754  339.500640  0.991190  27.251440  17.734904  13.668345   7.989259  100.440474   60.514492
374  0.187252  342.247307  0.991260  27.447089  17.849246  13.809298   8.069247  101.194221   60.942225
375  0.187750  345.009251  0.991330  27.643705  17.964118  13.951436   8.149907  101.952283   61.372412
376  0.188248  347.785273  0.991399  27.841292  18.079524  14.094765   8.231247  102.714677   61.805071
377  0.188746  350.576928  0.991467  28.039853  18.195466  14.239294   8.313268  103.481421   62.240203
378  0.189244  353.382470  0.991535  28.239393  18.311946  14.385031   8.395978  104.252534   62.677832
379  0.189742  356.203056  0.991601  28.439915  18.428967  14.531983   8.479379  105.028033   63.117958
380  0.190240  359.039060  0.991668  28.641423  18.546530  14.680158   8.563475  105.807937   63.560592
381  0.190738  361.889324  0.991733  28.843921  18.664638  14.829563   8.648273  106.592264   64.005752
382  0.191236  364.755664  0.991798  29.047412  18.783294  14.980208   8.733775  107.381032   64.453435
383  0.191734  367.635871  0.991862  29.251901  18.902499  15.132099   8.819988  108.174259   64.903670
384  0.192232  370.531956  0.991925  29.457391  19.022257  15.285245   8.906915  108.971964   65.356452
385  0.192730  373.442875  0.991988  29.663887  19.142569  15.439654   8.994561  109.774164   65.811801
386  0.193228  376.369287  0.992050  29.871391  19.263437  15.595333   9.082930  110.580879   66.269721
387  0.193726  379.310990  0.992112  30.079908  19.384865  15.752291   9.172028  111.392127   66.730227
388  0.194224  382.267933  0.992173  30.289441  19.506854  15.910536   9.261858  112.207926   67.193329
389  0.194722  385.240445  0.992233  30.499995  19.629407  16.070076   9.352426  113.028295   67.659037
390  0.195220  388.228627  0.992292  30.711573  19.752526  16.230918   9.443735  113.853252   68.127360
391  0.195718  391.231923  0.992352  30.924180  19.876213  16.393073   9.535792  114.682816   68.598314
392  0.196216  394.251203  0.992410  31.137818  20.000471  16.556546   9.628600  115.517005   69.071904
393  0.196714  397.285937  0.992468  31.352493  20.125302  16.721348   9.722165  116.355838   69.548144
394  0.197212  400.336648  0.992525  31.568208  20.250709  16.887486   9.816491  117.199334   70.027044
395  0.197710  403.403318  0.992582  31.784966  20.376693  17.054968   9.911582  118.047512   70.508613
396  0.198208  406.485361  0.992638  32.002772  20.503258  17.223803  10.007444  118.900389   70.992867
397  0.198706  409.583830  0.992693  32.221630  20.630406  17.393999  10.104082  119.757986   71.479811
398  0.199204  412.698197  0.992748  32.441543  20.758138  17.565565  10.201500  120.620321   71.969458
399  0.199702  415.828699  0.992803  32.662516  20.886458  17.738510  10.299703  121.487413   72.461820
400  0.200200  418.974839  0.992857  32.884553  21.015368  17.912841  10.398697  122.359281   72.956911
401  0.200698  422.137363  0.992910  33.107657  21.144869  18.088567  10.498486  123.235943   73.454737
402  0.201196  425.316142  0.992963  33.331832  21.274965  18.265697  10.599075  124.117419   73.955310
403  0.201694  428.510994  0.993015  33.557083  21.405659  18.444240  10.700469  125.003728   74.458643
404  0.202192  431.722441  0.993067  33.783413  21.536951  18.624204  10.802672  125.894889   74.964744
405  0.202690  434.950337  0.993119  34.010826  21.668845  18.805597  10.905691  126.790921   75.473626
406  0.203188  438.194577  0.993169  34.239327  21.801344  18.988430  11.009530  127.691843   75.985301
407  0.203686  441.455384  0.993220  34.468919  21.934449  19.172710  11.114194  128.597675   76.499779
408  0.204184  444.732876  0.993270  34.699607  22.068162  19.358446  11.219688  129.508436   77.017070
409  0.204682  448.027162  0.993319  34.931393  22.202488  19.545647  11.326017  130.424144   77.537186
410  0.205180  451.337293  0.993368  35.164284  22.337426  19.734323  11.433187  131.344820   78.060143
411  0.205678  454.665554  0.993416  35.398281  22.472982  19.924481  11.541201  132.270483   78.585941
412  0.206176  458.009841  0.993464  35.633391  22.609155  20.116131  11.650067  133.201152   79.114602
413  0.206674  461.371433  0.993512  35.869616  22.745950  20.309282  11.759788  134.136847   79.646131
414  0.207172  464.748915  0.993559  36.106960  22.883369  20.503943  11.870371  135.077587   80.180549
415  0.207670  468.145037  0.993605  36.345428  23.021413  20.700123  11.981819  136.023391   80.717849
416  0.208168  471.557605  0.993652  36.585024  23.160086  20.897831  12.094139  136.974280   81.258058
417  0.208666  474.987324  0.993697  36.825751  23.299389  21.097076  12.207335  137.930272   81.801183
418  0.209164  478.433581  0.993743  37.067615  23.439326  21.297868  12.321415  138.891388   82.347239
419  0.209662  481.898616  0.993788  37.310619  23.579899  21.500215  12.436380  139.857648   82.896224
420  0.210160  485.379088  0.993832  37.554766  23.721109  21.704128  12.552239  140.829070   83.448171
421  0.210658  488.877961  0.993876  37.800062  23.862961  21.909614  12.668996  141.805675   84.003073
422  0.211156  492.394093  0.993920  38.046511  24.005455  22.116685  12.786656  142.787483   84.560949
423  0.211654  495.928634  0.993963  38.294116  24.148595  22.325348  12.905224  143.774513   85.121804
424  0.212152  499.479958  0.994006  38.542881  24.292383  22.535614  13.024707  144.766785   85.685660
425  0.212650  503.047944  0.994048  38.792811  24.436822  22.747491  13.145110  145.764320   86.252529
426  0.213148  506.636469  0.994090  39.043911  24.581914  22.960990  13.266436  146.767137   86.822402
427  0.213646  510.240402  0.994132  39.296183  24.727661  23.176120  13.388694  147.775257   87.395318
428  0.214144  513.862968  0.994173  39.549632  24.874066  23.392890  13.511888  148.788698   87.971272
429  0.214642  517.502759  0.994214  39.804263  25.021131  23.611311  13.636024  149.807482   88.550283
430  0.215140  521.161520  0.994255  40.060080  25.168860  23.831391  13.761106  150.831629   89.132355
431  0.215638  524.838116  0.994295  40.317087  25.317254  24.053141  13.887141  151.861159   89.717505
432  0.216136  528.531547  0.994335  40.575287  25.466316  24.276569  14.014136  152.896091   90.305750
433  0.216634  532.244960  0.994374  40.834686  25.616049  24.501687  14.142092  153.936447   90.897087
434  0.217132  535.976303  0.994413  41.095287  25.766454  24.728503  14.271019  154.982246   91.491538
435  0.217630  539.724873  0.994452  41.357095  25.917535  24.957028  14.400922  156.033510   92.089118
436  0.218128  543.492147  0.994490  41.620114  26.069294  25.187271  14.531805  157.090257   92.689833
437  0.218626  547.277971  0.994528  41.884348  26.221734  25.419243  14.663674  158.152510   93.293694
438  0.219124  551.083027  0.994566  42.149801  26.374856  25.652953  14.796536  159.220287   93.900712
439  0.219622  554.905281  0.994603  42.416478  26.528665  25.888412  14.930396  160.293610   94.510908
440  0.220120  558.747163  0.994640  42.684383  26.683161  26.125628  15.065260  161.372500   95.124282
441  0.220618  562.606831  0.994677  42.953520  26.838348  26.364614  15.201133  162.456976   95.740856
442  0.221116  566.485160  0.994714  43.223893  26.994229  26.605377  15.338023  163.547060   96.360638
443  0.221614  570.383475  0.994750  43.495508  27.150805  26.847930  15.475932  164.642771   96.983633
444  0.222112  574.299583  0.994785  43.768367  27.308079  27.092281  15.614870  165.744132   97.609865
445  0.222610  578.235156  0.994821  44.042476  27.466055  27.338442  15.754840  166.851162   98.239337
446  0.223108  582.190092  0.994856  44.317838  27.624733  27.586422  15.895849  167.963883   98.872063
447  0.223606  586.163653  0.994891  44.594459  27.784118  27.836232  16.037903  169.082315   99.508058
448  0.224104  590.156817  0.994925  44.872341  27.944211  28.087881  16.181008  170.206478  100.147330
449  0.224602  594.168020  0.994959  45.151491  28.105016  28.341382  16.325170  171.336395  100.789900
450  0.225100  598.199728  0.994993  45.431911  28.266534  28.596743  16.470394  172.472086  101.435767
451  0.225598  602.249661  0.995027  45.713607  28.428769  28.853976  16.616688  173.613571  102.084955
452  0.226096  606.319211  0.995060  45.996582  28.591722  29.113091  16.764057  174.760872  102.737470
453  0.226594  610.408359  0.995093  46.280842  28.755397  29.374098  16.912506  175.914011  103.393324
454  0.227092  614.517516  0.995126  46.566390  28.919796  29.637009  17.062042  177.073007  104.052528
455  0.227590  618.646146  0.995159  46.853231  29.084922  29.901833  17.212672  178.237883  104.715098
456  0.228088  622.794181  0.995191  47.141369  29.250777  30.168582  17.364401  179.408659  105.381045
457  0.228586  626.961279  0.995223  47.430808  29.417363  30.437266  17.517236  180.585356  106.050384
458  0.229084  631.149098  0.995254  47.721554  29.584685  30.707895  17.671182  181.767997  106.723121
459  0.229582  635.356551  0.995286  48.013610  29.752743  30.980482  17.826245  182.956602  107.399272
460  0.230080  639.584080  0.995317  48.306981  29.921541  31.255036  17.982433  184.151192  108.078849
461  0.230578  643.830877  0.995348  48.601672  30.091081  31.531569  18.139752  185.351790  108.761867
462  0.231076  648.098037  0.995378  48.897686  30.261366  31.810091  18.298208  186.558415  109.448335
463  0.231574  652.385186  0.995409  49.195028  30.432399  32.090613  18.457806  187.771091  110.138266
464  0.232072  656.693785  0.995439  49.493703  30.604182  32.373147  18.618553  188.989838  110.831667
465  0.232570  661.021187  0.995468  49.793715  30.776718  32.657703  18.780457  190.214678  111.528563
466  0.233068  665.369392  0.995498  50.095069  30.950010  32.944293  18.943522  191.445632  112.228958
467  0.233566  669.737592  0.995527  50.397769  31.124059  33.232928  19.107756  192.682723  112.932867
468  0.234064  674.126712  0.995556  50.701819  31.298869  33.523618  19.273165  193.925971  113.640300
469  0.234562  678.535642  0.995585  51.007224  31.474443  33.816375  19.439755  195.175399  114.351274
470  0.235060  682.966302  0.995614  51.313989  31.650783  34.111211  19.607532  196.431028  115.065794
471  0.235558  687.417302  0.995642  51.622118  31.827891  34.408137  19.776504  197.692880  115.783879
472  0.236056  691.888085  0.995670  51.931615  32.005771  34.707163  19.946678  198.960977  116.505543
473  0.236554  696.379508  0.995698  52.242486  32.184425  35.008302  20.118059  200.235341  117.230797
474  0.237052  700.893030  0.995726  52.554734  32.363856  35.311565  20.290653  201.515994  117.959647
475  0.237550  705.427053  0.995753  52.868365  32.544066  35.616962  20.464468  202.802957  118.692112
476  0.238048  709.981963  0.995780  53.183382  32.725059  35.924507  20.639511  204.096253  119.428205
477  0.238546  714.558848  0.995807  53.499790  32.906836  36.234210  20.815786  205.395903  120.167933
478  0.239044  719.155320  0.995834  53.817594  33.089400  36.546083  20.993303  206.701930  120.911320
479  0.239542  723.773687  0.995861  54.136799  33.272755  36.860138  21.172067  208.014356  121.658369
480  0.240040  728.411226  0.995887  54.457409  33.456903  37.176386  21.352086  209.333203  122.409103
481  0.240538  733.073807  0.995913  54.779428  33.641846  37.494839  21.533363  210.658493  123.163514
482  0.241036  737.755908  0.995939  55.102861  33.827588  37.815508  21.715909  211.990249  123.921636
483  0.241534  742.459960  0.995965  55.427714  34.014130  38.138407  21.899729  213.328492  124.683472
484  0.242032  747.183583  0.995990  55.753989  34.201477  38.463545  22.084831  214.673246  125.449044
485  0.242530  751.932053  0.996016  56.081693  34.389629  38.790937  22.271219  216.024531  126.218346
486  0.243028  756.700282  0.996041  56.410830  34.578591  39.120592  22.458903  217.382372  126.991411
487  0.243526  761.490941  0.996066  56.741403  34.768365  39.452524  22.647888  218.746789  127.768241
488  0.244024  766.302627  0.996090  57.073419  34.958954  39.786744  22.838182  220.117807  128.548855
489  0.244522  771.136629  0.996115  57.406881  35.150359  40.123264  23.029791  221.495446  129.333261
490  0.245020  775.992954  0.996139  57.741795  35.342585  40.462097  23.222723  222.879730  130.121473
491  0.245518  780.871134  0.996163  58.078164  35.535634  40.803255  23.416984  224.270682  130.913505
492  0.246016  785.768798  0.996187  58.415994  35.729508  41.146749  23.612584  225.668323  131.709380
493  0.246514  790.693246  0.996211  58.755290  35.924211  41.492593  23.809523  227.072678  132.509084
494  0.247012  795.636377  0.996234  59.096055  36.119745  41.840798  24.007816  228.483767  133.312660
495  0.247510  800.603266  0.996258  59.438295  36.316113  42.191376  24.207466  229.901615  134.120104
496  0.248008  805.592301  0.996281  59.782015  36.513317  42.544341  24.408480  231.326243  134.931434
497  0.248506  810.604573  0.996304  60.127218  36.711361  42.899704  24.610866  232.757676  135.746660
498  0.249004  815.638970  0.996326  60.473911  36.910247  43.257479  24.814631  234.195935  136.565799
499  0.249502  820.694485  0.996349  60.822097  37.109977  43.617677  25.019784  235.641044  137.388868
500  0.250000  825.772046  0.996371  61.171781  37.310556  43.980311  25.226331  237.093025  138.215878
501  0.250498  830.874010  0.996394  61.522969  37.511985  44.345394  25.434277  238.551901  139.046834