      density       alpha     S_nem     F(iso)     F(nem)     P(iso)     P(nem)     mu(iso)     mu(nem)
0    0.001000    2.818764  0.305671  -7.869999  -8.081821   0.001038   0.001037   -6.831947   -7.044961
1    0.001498    2.825103  0.306479  -7.446845  -7.659264   0.001584   0.001581   -6.389399   -6.603629
2    0.001996    2.831542  0.307300  -7.140659  -7.353684   0.002150   0.002145   -6.063521   -6.278991
3    0.002494    2.838083  0.308132  -6.898596  -7.112235   0.002736   0.002729   -5.801465   -6.018199
4    0.002992    2.844727  0.308976  -6.697072  -6.911333   0.003343   0.003332   -5.579646   -5.797669
5    0.003490    2.851476  0.309832  -6.523492  -6.738384   0.003972   0.003956   -5.385467   -5.604804
6    0.003988    2.858332  0.310701  -6.370333  -6.585863   0.004622   0.004601   -5.211401   -5.432077
7    0.004486    2.865296  0.311582  -6.232739  -6.448916   0.005294   0.005268   -5.052591   -5.274631
8    0.004984    2.872370  0.312475  -6.107393  -6.324225   0.005989   0.005956   -4.905717   -5.129148
9    0.005482    2.879557  0.313382  -5.991927  -6.209423   0.006707   0.006667   -4.768410   -4.993257
10   0.005980    2.886858  0.314301  -5.884595  -6.102762   0.007449   0.007401   -4.638919   -4.865209
11   0.006478    2.894275  0.315234  -5.784067  -6.002915   0.008215   0.008157   -4.515914   -4.743675
12   0.006976    2.901811  0.316180  -5.689311  -5.908849   0.009006   0.008938   -4.398359   -4.627618
13   0.007474    2.909468  0.317139  -5.599507  -5.819744   0.009821   0.009743   -4.285434   -4.516218
14   0.007972    2.917248  0.318113  -5.513997  -5.734940   0.010663   0.010572   -4.176475   -4.408812
15   0.008470    2.925154  0.319100  -5.432238  -5.653898   0.011530   0.011426   -4.070939   -4.304859
16   0.008968    2.933189  0.320102  -5.353783  -5.576169   0.012424   0.012306   -3.968376   -4.203907
17   0.009466    2.941352  0.321118  -5.278258  -5.501378   0.013346   0.013213   -3.868408   -4.105580
18   0.009964    2.949652  0.322149  -5.205343  -5.429207   0.014295   0.014145   -3.770714   -4.009558
19   0.010462    2.958088  0.323195  -5.134769  -5.359386   0.015272   0.015105   -3.675021   -3.915568
20   0.010960    2.966664  0.324257  -5.066300  -5.291681   0.016278   0.016093   -3.581091   -3.823373
21   0.011458    2.975383  0.325334  -4.999736  -5.225889   0.017313   0.017108   -3.488721   -3.732770
22   0.011956    2.984248  0.326427  -4.934899  -5.161835   0.018378   0.018152   -3.397730   -3.643578
23   0.012454    2.993264  0.327536  -4.871633  -5.099362   0.019474   0.019225   -3.307961   -3.555642
24   0.012952    3.002431  0.328662  -4.809802  -5.038334   0.020601   0.020328   -3.219273   -3.468821
25   0.013450    3.011756  0.329804  -4.749284  -4.978629   0.021759   0.021461   -3.131541   -3.382993
26   0.013948    3.021242  0.330964  -4.689971  -4.920140   0.022949   0.022625   -3.044655   -3.298045
27   0.014446    3.030893  0.332142  -4.631765  -4.862768   0.024172   0.023820   -2.958515   -3.213880
28   0.014944    3.040713  0.333337  -4.574579  -4.806427   0.025428   0.025046   -2.873029   -3.130408
29   0.015442    3.050706  0.334551  -4.518333  -4.751038   0.026718   0.026305   -2.788116   -3.047547
30   0.015940    3.060877  0.335783  -4.462958  -4.696530   0.028043   0.027597   -2.703702   -2.965224
31   0.016438    3.071230  0.337035  -4.408387  -4.642838   0.029402   0.028922   -2.619718   -2.883373
32   0.016936    3.081771  0.338306  -4.354561  -4.589903   0.030797   0.030281   -2.536102   -2.801931
33   0.017434    3.092505  0.339597  -4.301427  -4.537671   0.032229   0.031675   -2.452797   -2.720843
34   0.017932    3.103436  0.340909  -4.248934  -4.486093   0.033698   0.033103   -2.369750   -2.640057
35   0.018430    3.114570  0.342241  -4.197036  -4.435122   0.035204   0.034567   -2.286912   -2.559525
36   0.018928    3.125913  0.343595  -4.145693  -4.384718   0.036748   0.036068   -2.204237   -2.479203
37   0.019426    3.137471  0.344971  -4.094863  -4.334841   0.038331   0.037605   -2.121684   -2.399051
38   0.019924    3.149250  0.346369  -4.044513  -4.285455   0.039954   0.039179   -2.039213   -2.319030
39   0.020422    3.161256  0.347790  -3.994608  -4.236528   0.041616   0.040791   -1.956788   -2.239105
40   0.020920    3.173496  0.349235  -3.945117  -4.188029   0.043320   0.042442   -1.874373   -2.159244
41   0.021418    3.185976  0.350703  -3.896011  -4.139929   0.045065   0.044132   -1.791936   -2.079414
42   0.021916    3.198704  0.352196  -3.847262  -4.092201   0.046852   0.045862   -1.709447   -1.999588
43   0.022414    3.211687  0.353715  -3.798847  -4.044819   0.048683   0.047632   -1.626878   -1.919739
44   0.022912    3.224933  0.355259  -3.750740  -3.997762   0.050556   0.049442   -1.544200   -1.839840
45   0.023410    3.238452  0.356829  -3.702920  -3.951006   0.052474   0.051295   -1.461388   -1.759869
46   0.023908    3.252247  0.358427  -3.655365  -3.904531   0.054437   0.053189   -1.378418   -1.679802
47   0.024406    3.266329  0.360052  -3.608056  -3.858318   0.056446   0.055126   -1.295266   -1.599618
48   0.024904    3.280707  0.361705  -3.560975  -3.812349   0.058501   0.057106   -1.211910   -1.519298
49   0.025402    3.295390  0.363387  -3.514103  -3.766605   0.060603   0.059130   -1.128328   -1.438822
50   0.025900    3.310387  0.365099  -3.467425  -3.721072   0.062754   0.061199   -1.044501   -1.358173
51   0.026398    3.325708  0.366842  -3.420923  -3.675734   0.064953   0.063313   -0.960409   -1.277333
52   0.026896    3.341363  0.368615  -3.374584  -3.630575   0.067201   0.065473   -0.876033   -1.196286
53   0.027394    3.357362  0.370420  -3.328393  -3.585584   0.069500   0.067679   -0.791356   -1.115017
54   0.027892    3.373716  0.372258  -3.282337  -3.540745   0.071849   0.069932   -0.706359   -1.033512
55   0.028390    3.390436  0.374128  -3.236403  -3.496048   0.074251   0.072232   -0.621027   -0.951756
56   0.028888    3.407533  0.376033  -3.190579  -3.451481   0.076704   0.074581   -0.535343   -0.869737
57   0.029386    3.425019  0.377973  -3.144852  -3.407032   0.079212   0.076979   -0.449292   -0.787443
58   0.029884    3.442905  0.379947  -3.099213  -3.362690   0.081773   0.079427   -0.362858   -0.704861
59   0.030382    3.461204  0.381958  -3.053649  -3.318446   0.084390   0.081924   -0.276027   -0.621980
60   0.030880    3.479928  0.384006  -3.008152  -3.274290   0.087062   0.084472   -0.188785   -0.538790
61   0.031378    3.499090  0.386092  -2.962710  -3.230212   0.089791   0.087072   -0.101118   -0.455280
62   0.031876    3.518703  0.388215  -2.917316  -3.186205   0.092578   0.089723   -0.013012   -0.371441
63   0.032374    3.538781  0.390378  -2.871959  -3.142259   0.095423   0.092428    0.075546   -0.287264
64   0.032872    3.559338  0.392581  -2.826632  -3.098367   0.098327   0.095185    0.164568   -0.202740
65   0.033370    3.580386  0.394824  -2.781325  -3.054521   0.101291   0.097996    0.254067   -0.117861
66   0.033868    3.601940  0.397108  -2.736031  -3.010714   0.104316   0.100862    0.344056   -0.032619
67   0.034366    3.624012  0.399433  -2.690743  -2.966938   0.107404   0.103783    0.434545    0.052994
68   0.034864    3.646622  0.401801  -2.645451  -2.923188   0.110554   0.106760    0.525548    0.138984
69   0.035362    3.669781  0.404212  -2.600151  -2.879456   0.113768   0.109792    0.617075    0.225358
70   0.035860    3.693506  0.406666  -2.554833  -2.835736   0.117046   0.112882    0.709137    0.312123
71   0.036358    3.717811  0.409164  -2.509493  -2.792023   0.120390   0.116030    0.801747    0.399284
72   0.036856    3.742711  0.411707  -2.464122  -2.748311   0.123801   0.119235    0.894914    0.486847
73   0.037354    3.768221  0.414294  -2.418716  -2.704594   0.127279   0.122499    0.988650    0.574817
74   0.037852    3.794358  0.416926  -2.373267  -2.660867   0.130825   0.125823    1.082964    0.663199
75   0.038350    3.821137  0.419604  -2.327770  -2.617126   0.134441   0.129206    1.177868    0.751999
76   0.038848    3.848572  0.422327  -2.282219  -2.573365   0.138128   0.132650    1.273373    0.841219
77   0.039346    3.876683  0.425096  -2.236609  -2.529580   0.141885   0.136155    1.369486    0.930866
78   0.039844    3.905484  0.427912  -2.190933  -2.485766   0.145716   0.139721    1.466220    1.020942
79   0.040342    3.934990  0.430773  -2.145187  -2.441920   0.149619   0.143350    1.563584    1.111451
80   0.040840    3.965219  0.433681  -2.099366  -2.398036   0.153597   0.147042    1.661588    1.202397
81   0.041338    3.996188  0.436635  -2.053464  -2.354112   0.157651   0.150797    1.760241    1.293783
82   0.041836    4.027915  0.439635  -2.007477  -2.310142   0.161781   0.154616    1.859553    1.385611
83   0.042334    4.060415  0.442682  -1.961399  -2.266125   0.165989   0.158499    1.959534    1.477885
84   0.042832    4.093707  0.445774  -1.915226  -2.222055   0.170275   0.162447    2.060193    1.570608
85   0.043330    4.127810  0.448913  -1.868954  -2.177930   0.174641   0.166461    2.161540    1.663781
86   0.043828    4.162744  0.452098  -1.822578  -2.133747   0.179088   0.170542    2.263583    1.757407
87   0.044326    4.198531  0.455329  -1.776094  -2.089502   0.183617   0.174688    2.366333    1.851487
88   0.044824    4.235185  0.458605  -1.729497  -2.045193   0.188229   0.178902    2.469798    1.946024
89   0.045322    4.272737  0.461928  -1.682783  -2.000815   0.192925   0.183184    2.573987    2.041018
90   0.045820    4.311209  0.465296  -1.635949  -1.956368   0.197707   0.187534    2.678910    2.136471
91   0.046318    4.350624  0.468710  -1.588989  -1.911848   0.202575   0.191952    2.784575    2.232384
92   0.046816    4.391011  0.472170  -1.541900  -1.867252   0.207530   0.196440    2.890992    2.328756
93   0.047314    4.432402  0.475676  -1.494679  -1.822578   0.212575   0.200998    2.998169    2.425589
94   0.047812    4.474827  0.479229  -1.447321  -1.777823   0.217709   0.205625    3.106116    2.522882
95   0.048310    4.518327  0.482828  -1.399822  -1.732986   0.222934   0.210323    3.214841    2.620635
96   0.048808    4.562933  0.486475  -1.352180  -1.688065   0.228252   0.215092    3.324354    2.718846
97   0.049306    4.608690  0.490169  -1.304390  -1.643056   0.233664   0.219933    3.434662    2.817514
98   0.049804    4.655647  0.493913  -1.256448  -1.597959   0.239170   0.224845    3.545775    2.916636
99   0.050302    4.703858  0.497706  -1.208352  -1.552771   0.244772   0.229829    3.657702    3.016211
100  0.050800    4.753375  0.501551  -1.160097  -1.507491   0.250472   0.234885    3.770452    3.116233
101  0.051298    4.804267  0.505448  -1.111681  -1.462116   0.256270   0.240014    3.884032    3.216700
102  0.051796    4.856597  0.509400  -1.063099  -1.416646   0.262168   0.245215    3.998453    3.317605
103  0.052294    4.910447  0.513408  -1.014350  -1.371079   0.268167   0.250489    4.113722    3.418943
104  0.052792    4.965903  0.517475  -0.965428  -1.325414   0.274269   0.255836    4.229848    3.520706
105  0.053290    5.023059  0.521603  -0.916332  -1.279650   0.280474   0.261256    4.346840    3.622886
106  0.053788    5.082022  0.525796  -0.867057  -1.233785   0.286785   0.266748    4.464707    3.725472
107  0.054286    5.142910  0.530056  -0.817602  -1.187818   0.293202   0.272313    4.583458    3.828453
108  0.054784    5.205854  0.534388  -0.767962  -1.141750   0.299727   0.277950    4.703101    3.931816
109  0.055282    5.270999  0.538796  -0.718134  -1.095578   0.306361   0.283659    4.823644    4.035545
110  0.055780    5.338508  0.543284  -0.668116  -1.049304   0.313105   0.289438    4.945097    4.139624
111  0.056278    5.408559  0.547857  -0.617904  -1.002925   0.319961   0.295288    5.067468    4.244032
112  0.056776    5.481360  0.552521  -0.567496  -0.956444   0.326931   0.301208    5.190766    4.348748
113  0.057274    5.557132  0.557282  -0.516888  -0.909858   0.334016   0.307195    5.314999    4.453746
114  0.057772    5.636123  0.562147  -0.466078  -0.863170   0.341216   0.313249    5.440177    4.558997
115  0.058270    5.718610  0.567122  -0.415062  -0.816380   0.348534   0.319369    5.566307    4.664471
116  0.058768    5.804900  0.572215  -0.363839  -0.769487   0.355972   0.325552    5.693399    4.770133
117  0.059266    5.895328  0.577434  -0.312403  -0.722494   0.363530   0.331797    5.821462    4.875943
118  0.059764    5.990264  0.582785  -0.260754  -0.675403   0.371210   0.338101    5.950503    4.981859
119  0.060262    6.090104  0.588278  -0.208888  -0.628214   0.379013   0.344461    6.080532    5.087837
120  0.060760    6.195279  0.593919  -0.156803  -0.580930   0.386942   0.350874    6.211558    5.193826
121  0.061258    6.306233  0.599713  -0.104495  -0.533553   0.394997   0.357338    6.343590    5.299778
122  0.061756    6.423426  0.605666  -0.051962  -0.486086   0.403180   0.363850    6.476635    5.405643
123  0.062254    6.547309  0.611778   0.000799  -0.438532   0.411493   0.370405    6.610703    5.511371
124  0.062752    6.678285  0.618047   0.053791  -0.390895   0.419937   0.377003    6.745803    5.616922
125  0.063250    6.816710  0.624465   0.107016  -0.343177   0.428514   0.383639    6.881943    5.722264
126  0.063748    6.962811  0.631019   0.160476  -0.295383   0.437226   0.390314    7.019133    5.827379
127  0.064246    7.116660  0.637687   0.214176  -0.247516   0.446073   0.397027    7.157380    5.932274
128  0.064744    7.278125  0.644440   0.268117  -0.199579   0.455058   0.403780    7.296695    6.036978
129  0.065242    7.446836  0.651242   0.322302  -0.151576   0.464183   0.410576    7.437086    6.141551
130  0.065740    7.622188  0.658049   0.376734  -0.103508   0.473448   0.417422    7.578562    6.246080
131  0.066238    7.803353  0.664817   0.431415  -0.055376   0.482856   0.424324    7.721131    6.350680
132  0.066736    7.989358  0.671500   0.486348  -0.007182   0.492409   0.431292    7.864803    6.455479
133  0.067234    8.179126  0.678057   0.541536   0.041076   0.502107   0.438335    8.009587    6.560615
134  0.067732    8.371614  0.684452   0.596980   0.089399   0.511953   0.445461    8.155492    6.666221
135  0.068230    8.565840  0.690658   0.652685   0.137789   0.521949   0.452681    8.302526    6.772419
136  0.068728    8.760960  0.696657   0.708651   0.186250   0.532095   0.460001    8.450699    6.879316
137  0.069226    8.956277  0.702439   0.764882   0.234786   0.542395   0.467429    8.600019    6.986998
138  0.069724    9.151265  0.707999   0.821381   0.283400   0.552850   0.474969    8.750497    7.095533
139  0.070222    9.345546  0.713340   0.878150   0.332098   0.563461   0.482627    8.902141    7.204969
140  0.070720    9.538870  0.718468   0.935191   0.380884   0.574230   0.490405    9.054959    7.315342
141  0.071218    9.731089  0.723391   0.992507   0.429763   0.585159   0.498306    9.208962    7.426677
142  0.071716    9.922168  0.728119   1.050101   0.478739   0.596251   0.506333    9.364159    7.538984
143  0.072214   10.112094  0.732664   1.107975   0.527818   0.607506   0.514485    9.520558    7.652274
144  0.072712   10.300930  0.737037   1.166131   0.577003   0.618927   0.522766    9.678169    7.766547
145  0.073210   10.488781  0.741249   1.224572   0.626301   0.630516   0.531175    9.837001    7.881803
146  0.073708   10.675769  0.745312   1.283301   0.675714   0.642274   0.539714    9.997063    7.998036
147  0.074206   10.862018  0.749236   1.342320   0.725247   0.654203   0.548382   10.158366    8.115243
148  0.074704   11.047692  0.753030   1.401632   0.774904   0.666306   0.557181   10.320917    8.233417
149  0.075202   11.232945  0.756704   1.461239   0.824690   0.678584   0.566110   10.484727    8.352551
150  0.075700   11.417953  0.760267   1.521143   0.874607   0.691040   0.575171   10.649805    8.472637
151  0.076198   11.602873  0.763727   1.581347   0.924660   0.703674   0.584363   10.816160    8.593669
152  0.076696   11.787895  0.767091   1.641854   0.974851   0.716490   0.593687   10.983802    8.715638
153  0.077194   11.973184  0.770367   1.702665   1.025185   0.729489   0.603144   11.152741    8.838539
154  0.077692   12.158928  0.773560   1.763785   1.075665   0.742673   0.612733   11.322985    8.962363
155  0.078190   12.345288  0.776677   1.825214   1.126293   0.756045   0.622456   11.494544    9.087105
156  0.078688   12.532478  0.779723   1.886955   1.177072   0.769606   0.632312   11.667428    9.212755
157  0.079186   12.720665  0.782703   1.949012   1.228006   0.783358   0.642302   11.841647    9.339308
158  0.079684   12.910041  0.785622   2.011386   1.279097   0.797304   0.652425   12.017210    9.466757
159  0.080182   13.100804  0.788486   2.074079   1.330347   0.811446   0.662684   12.194127    9.595094
160  0.080680   13.293174  0.791297   2.137095   1.381760   0.825785   0.673077   12.372407    9.724310
161  0.081178   13.487324  0.794061   2.200436   1.433337   0.840324   0.683605   12.552061    9.854401
162  0.081676   13.683511  0.796780   2.264103   1.485082   0.855066   0.694268   12.733098    9.985355
163  0.082174   13.881931  0.799459   2.328101   1.536995   0.870011   0.705067   12.915528   10.117167
164  0.082672   14.082833  0.802101   2.392430   1.589079   0.885163   0.716001   13.099360   10.249825
165  0.083170   14.286478  0.804710   2.457095   1.641337   0.900524   0.727071   13.284605   10.383320
166  0.083668   14.493113  0.807287   2.522096   1.693769   0.916096   0.738276   13.471272   10.517642
167  0.084166   14.703018  0.809838   2.587437   1.746378   0.931880   0.749616   13.659371   10.652780
168  0.084664   14.916512  0.812364   2.653119   1.799166   0.947881   0.761092   13.848913   10.788720
169  0.085162   15.133894  0.814868   2.719146   1.852133   0.964099   0.772702   14.039907   10.925450
170  0.085660   15.355543  0.817354   2.785520   1.905282   0.980537   0.784446   14.232364   11.062952
171  0.086158   15.581787  0.819824   2.852244   1.958613   0.997197   0.796324   14.426293   11.201212
172  0.086656   15.813058  0.822281   2.919319   2.012128   1.014082   0.808334   14.621704   11.340211
173  0.087154   16.049806  0.824728   2.986749   2.065828   1.031194   0.820476   14.818608   11.479927
174  0.087652   16.292479  0.827168   3.054535   2.119713   1.048535   0.832749   15.017015   11.620339
175  0.088150   16.541627  0.829603   3.122680   2.173785   1.066109   0.845150   15.216935   11.761420
176  0.088648   16.797832  0.832038   3.191188   2.228044   1.083916   0.857678   15.418378   11.903142
177  0.089146   17.061694  0.834473   3.260059   2.282489   1.101960   0.870331   15.621354   12.045476
178  0.089644   17.333969  0.836914   3.329297   2.337122   1.120243   0.883106   15.825875   12.188383
179  0.090142   17.615432  0.839363   3.398905   2.391943   1.138768   0.896001   16.031949   12.331823
180  0.090640   17.906950  0.841823   3.468884   2.446950   1.157537   0.909011   16.239588   12.475752
181  0.091138   18.209526  0.844298   3.539237   2.502144   1.176552   0.922132   16.448801   12.620119
182  0.091636   18.524262  0.846793   3.609966   2.557524   1.195816   0.935360   16.659600   12.764867
183  0.092134   18.852407  0.849310   3.681075   2.613088   1.215332   0.948689   16.871995   12.909931
184  0.092632   19.195370  0.851854   3.752566   2.668836   1.235102   0.962113   17.085996   13.055239
185  0.093130   19.554781  0.854430   3.824440   2.724765   1.255129   0.975624   17.301614   13.200705
186  0.093628   19.932464  0.857043   3.896701   2.780872   1.275415   0.989214   17.518859   13.346236
187  0.094126   20.330503  0.859697   3.969351   2.837156   1.295964   1.002872   17.737742   13.491726
188  0.094624   20.751331  0.862398   4.042393   2.893613   1.316776   1.016587   17.958274   13.637051
189  0.095122   21.197690  0.865152   4.115829   2.950239   1.337856   1.030346   18.180465   13.782072
190  0.095620   21.672720  0.867964   4.189661   3.007029   1.359206   1.044133   18.404326   13.926636
191  0.096118   22.180052  0.870841   4.263893   3.063978   1.380829   1.057931   18.629868   14.070563
192  0.096616   22.723784  0.873790   4.338526   3.121080   1.402727   1.071721   18.857102   14.213660
193  0.097114   23.308584  0.876814   4.413564   3.178327   1.424903   1.085480   19.086038   14.355709
194  0.097612   23.939633  0.879919   4.489008   3.235712   1.447359   1.099186   19.316687   14.496476
195  0.098110   24.622578  0.883109   4.564861   3.293225   1.470100   1.112812   19.549060   14.635718
196  0.098608   25.363350  0.886383   4.641126   3.350856   1.493127   1.126334   19.783169   14.773194
197  0.099106   26.167931  0.889737   4.717806   3.408594   1.516442   1.139728   20.019024   14.908683
198  0.099604   27.041739  0.893163   4.794902   3.466426   1.540050   1.152975   20.256635   15.042015
199  0.100102   27.988944  0.896644   4.872418   3.524341   1.563953   1.166065   20.496015   15.173108
200  0.100600   29.011607  0.900157   4.950355   3.582326   1.588154   1.179000   20.737175   15.302009
201  0.101098   30.108847  0.903671   5.028717   3.640369   1.612655   1.191799   20.980124   15.428921
202  0.101596   31.276366  0.907148   5.107507   3.698461   1.637460   1.204497   21.224875   15.554214
203  0.102094   32.506557  0.910550   5.186726   3.756595   1.662572   1.217145   21.471439   15.678398
204  0.102592   33.789311  0.913842   5.266377   3.814766   1.687992   1.229802   21.719827   15.802072
205  0.103090   35.113117  0.916995   5.346462   3.872972   1.713726   1.242532   21.970049   15.925855
206  0.103588   36.466948  0.919990   5.426986   3.931216   1.739774   1.255391   22.222119   16.050296
207  0.104086   37.840622  0.922815   5.507949   3.989499   1.766141   1.268430   22.476046   16.175868
208  0.104584   39.225749  0.925469   5.589354   4.047829   1.792830   1.281687   22.731842   16.302927
209  0.105082   40.616121  0.927956   5.671205   4.106212   1.819843   1.295188   22.989519   16.431714
210  0.105580   42.006897  0.930283   5.753504   4.164657   1.847184   1.308953   23.249088   16.562395
211  0.106078   43.394965  0.932461   5.836252   4.223171   1.874855   1.322993   23.510561   16.695056
212  0.106576   44.778372  0.934500   5.919454   4.281762   1.902861   1.337312   23.773949   16.829731
213  0.107074   46.155916  0.936411   6.003111   4.340440   1.931203   1.351915   24.039263   16.966425
214  0.107572   47.527076  0.938206   6.087227   4.399211   1.959885   1.366800   24.306516   17.105118
215  0.108070   48.891685  0.939895   6.171803   4.458085   1.988911   1.381966   24.575718   17.245780
216  0.108568   50.249961  0.941487   6.256843   4.517068   2.018283   1.397412   24.846883   17.388370
217  0.109066   51.602334  0.942990   6.342349   4.576168   2.048006   1.413133   25.120020   17.532842
218  0.109564   52.949197  0.944412   6.428323   4.635392   2.078081   1.429127   25.395143   17.679156
219  0.110062   54.291185  0.945760   6.514769   4.694746   2.108512   1.445391   25.672262   17.827266
220  0.110560   55.628805  0.947041   6.601689   4.754236   2.139303   1.461924   25.951390   17.977134
221  0.111058   56.962828  0.948259   6.689085   4.813869   2.170457   1.478720   26.232538   18.128718
222  0.111556   58.293656  0.949419   6.776961   4.873649   2.201977   1.495781   26.515719   18.281987
223  0.112054   59.622076  0.950527   6.865319   4.933584   2.233867   1.513101   26.800944   18.436905
224  0.112552   60.948520  0.951586   6.954161   4.993676   2.266129   1.530681   27.088226   18.593445
225  0.113050   62.273621  0.952599   7.043491   5.053933   2.298768   1.548519   27.377576   18.751579
226  0.113548   63.597781  0.953570   7.133310   5.114358   2.331787   1.566614   27.669006   18.911286
227  0.114046   64.921639  0.954502   7.223623   5.174956   2.365189   1.584964   27.962529   19.072540
228  0.114544   66.245533  0.955398   7.314431   5.235731   2.398978   1.603570   28.258157   19.235327
229  0.115042   67.569941  0.956259   7.405737   5.296689   2.433157   1.622430   28.555901   19.399627
230  0.115540   68.895283  0.957088   7.497544   5.357832   2.467730   1.641546   28.855774   19.565427
231  0.116038   70.221963  0.957887   7.589854   5.419165   2.502700   1.660915   29.157789   19.732711
232  0.116536   71.550311  0.958657   7.682671   5.480692   2.538071   1.680540   29.461957   19.901470
233  0.117034   72.880684  0.959402   7.775996   5.542416   2.573846   1.700419   29.768291   20.071693
234  0.117532   74.213407  0.960121   7.869834   5.604342   2.610030   1.720554   30.076804   20.243372
235  0.118030   75.548892  0.960816   7.964185   5.666473   2.646625   1.740945   30.387507   20.416495
236  0.118528   76.887233  0.961489   8.059054   5.728812   2.683635   1.761593   30.700413   20.591063
237  0.119026   78.228880  0.962141   8.154443   5.791363   2.721064   1.782498   31.015534   20.767065
238  0.119524   79.573976  0.962773   8.250355   5.854129   2.758916   1.803661   31.332884   20.944499
239  0.120022   80.922980  0.963386   8.346792   5.917113   2.797195   1.825084   31.652474   21.123357
240  0.120520   82.275781  0.963980   8.443758   5.980318   2.835903   1.846767   31.974317   21.303645
241  0.121018   83.632761  0.964558   8.541254   6.043749   2.875045   1.868712   32.298427   21.485356
242  0.121516   84.994411  0.965119   8.639285   6.107406   2.914626   1.890920   32.624814   21.668483
243  0.122014   86.360591  0.965664   8.737851   6.171295   2.954647   1.913392   32.953493   21.853033
244  0.122512   87.731623  0.966195   8.836958   6.235417   2.995114   1.936129   33.284476   22.039003
245  0.123010   89.107565  0.966711   8.936606   6.299776   3.036031   1.959133   33.617776   22.226396
246  0.123508   90.488749  0.967213   9.036800   6.364375   3.077400   1.982406   33.953405   22.415209
247  0.124006   91.875302  0.967702   9.137541   6.429215   3.119227   2.005950   34.291377   22.605445
248  0.124504   93.267388  0.968179   9.238833   6.494301   3.161514   2.029764   34.631704   22.797106
249  0.125002   94.665186  0.968644   9.340678   6.559634   3.204266   2.053853   34.974399   22.990192
250  0.125500   96.068853  0.969097   9.443080   6.625218   3.247488   2.078216   35.319476   23.184706
251  0.125998   97.478484  0.969540   9.546041   6.691056   3.291182   2.102856   35.666947   23.380653
252  0.126496   98.894257  0.969971   9.649564   6.757149   3.335353   2.127775   36.016825   23.578034
253  0.126994  100.316290  0.970393   9.753652   6.823500   3.380005   2.152974   36.369123   23.776853
254  0.127492  101.744776  0.970804   9.858307   6.890113   3.425142   2.178456   36.723855   23.977112
255  0.127990  103.179629  0.971206   9.963533   6.956989   3.470769   2.204222   37.081034   24.178820
256  0.128488  104.621282  0.971599  10.069333   7.024132   3.516889   2.230274   37.440673   24.381974
257  0.128986  106.069669  0.971983  10.175708   7.091543   3.563506   2.256615   37.802785   24.586583
258  0.129484  107.524890  0.972359  10.282663   7.159225   3.610625   2.283247   38.167384   24.792652
259  0.129982  108.987090  0.972726  10.390201   7.227181   3.658250   2.310170   38.534482   25.000183
260  0.130480  110.456633  0.973086  10.498323   7.295413   3.706385   2.337388   38.904093   25.209179
261  0.130978  111.933229  0.973438  10.607033   7.363924   3.755034   2.364903   39.276231   25.419650
262  0.131476  113.417183  0.973782  10.716334   7.432716   3.804202   2.392716   39.650910   25.631600
263  0.131974  114.908465  0.974119  10.826228   7.501791   3.853893   2.420831   40.028141   25.845035
264  0.132472  116.407466  0.974450  10.936720   7.571152   3.904111   2.449249   40.407940   26.059955
265  0.132970  117.914033  0.974774  11.047811   7.640801   3.954861   2.477972   40.790319   26.276372
266  0.133468  119.428162  0.975091  11.159504   7.710741   4.006147   2.507003   41.175293   26.494293
267  0.133966  120.950278  0.975401  11.271804   7.780973   4.057974   2.536344   41.562874   26.713717
268  0.134464  122.480205  0.975706  11.384711   7.851501   4.110345   2.565997   41.953077   26.934656
269  0.134962  124.018228  0.976005  11.498230   7.922327   4.163265   2.595965   42.345915   27.157112
270  0.135460  125.564322  0.976298  11.612364   7.993452   4.216740   2.626250   42.741402   27.381094
271  0.135958  127.118511  0.976586  11.727114   8.064879   4.270772   2.656855   43.139552   27.606609
272  0.136456  128.680916  0.976868  11.842486   8.136611   4.325368   2.687781   43.540379   27.833663
273  0.136954  130.251628  0.977144  11.958480   8.208650   4.380531   2.719032   43.943896   28.062263
274  0.137452  131.831010  0.977416  12.075101   8.280998   4.436266   2.750609   44.350118   28.292410
275  0.137950  133.418666  0.977683  12.192351   8.353657   4.492577   2.782515   44.759058   28.524120
276  0.138448  135.014928  0.977945  12.310234   8.426629   4.549470   2.814754   45.170731   28.757394
277  0.138946  136.619888  0.978202  12.428752   8.499918   4.606949   2.847326   45.585150   28.992240
278  0.139444  138.233576  0.978455  12.547908   8.573524   4.665018   2.880236   46.002329   29.228666
279  0.139942  139.856114  0.978703  12.667706   8.647451   4.723683   2.913484   46.422283   29.466678
280  0.140440  141.487395  0.978947  12.788148   8.721700   4.782948   2.947075   46.845026   29.706285
281  0.140938  143.127768  0.979186  12.909238   8.796274   4.842818   2.981010   47.270572   29.947492
282  0.141436  144.777290  0.979422  13.030979   8.871175   4.903297   3.015292   47.698935   30.190305
283  0.141934  146.435523  0.979653  13.153373   8.946406   4.964391   3.049925   48.130129   30.434740
284  0.142432  148.103176  0.979881  13.276424   9.021967   5.026104   3.084910   48.564170   30.680795
285  0.142930  149.780127  0.980104  13.400135   9.097862   5.088442   3.120250   49.001070   30.928479
286  0.143428  151.466461  0.980324  13.524508   9.174093   5.151408   3.155948   49.440845   31.177801
287  0.143926  153.162107  0.980541  13.649548   9.250662   5.215009   3.192006   49.883509   31.428770
288  0.144424  154.867085  0.980754  13.775256   9.327572   5.279249   3.228428   50.329077   31.681394
289  0.144922  156.581444  0.980963  13.901637   9.404823   5.344133   3.265217   50.777562   31.935682
290  0.145420  158.305764  0.981169  14.028693   9.482419   5.409666   3.302374   51.228980   32.191634
291  0.145918  160.039626  0.981372  14.156428   9.560362   5.475853   3.339903   51.683345   32.449264
292  0.146416  161.783319  0.981571  14.284844   9.638654   5.542699   3.377806   52.140671   32.708578
293  0.146914  163.536520  0.981768  14.413944   9.717297   5.610209   3.416087   52.600974   32.969589
294  0.147412  165.299676  0.981961  14.543733   9.796293   5.678389   3.454748   53.064268   33.232299
295  0.147910  167.072800  0.982151  14.674212   9.875645   5.747244   3.493793   53.530568   33.496717
296  0.148408  168.855928  0.982339  14.805386   9.955354   5.816778   3.533223   53.999889   33.762853
297  0.148906  170.649035  0.982523  14.937256  10.035423   5.886997   3.573043   54.472245   34.030714
298  0.149404  172.452317  0.982705  15.069828  10.115854   5.957906   3.613254   54.947651   34.300308
299  0.149902  174.265546  0.982884  15.203103  10.196649   6.029511   3.653861   55.426122   34.571647
300  0.150400  176.089373  0.983060  15.337084  10.277811   6.101817   3.694865   55.907674   34.844731
301  0.150898  177.923254  0.983234  15.471776  10.359340   6.174828   3.736270   56.392320   35.119576
302  0.151396  179.767866  0.983405  15.607181  10.441241   6.248551   3.778078   56.880077   35.396183
303  0.151894  181.622498  0.983573  15.743302  10.523514   6.322991   3.820294   57.370959   35.674570
304  0.152392  183.487705  0.983739  15.880143  10.606162   6.398154   3.862920   57.864982   35.954739
305  0.152890  185.363522  0.983903  16.017707  10.689187   6.474043   3.905959   58.362159   36.236699
306  0.153388  187.249931  0.984064  16.155996  10.772592   6.550666   3.949414   58.862508   36.520460
307  0.153886  189.147230  0.984223  16.295015  10.856378   6.628028   3.993288   59.366042   36.806027
308  0.154384  191.054770  0.984380  16.434767  10.940547   6.706134   4.037585   59.872778   37.093417
309  0.154882  192.973453  0.984534  16.575254  11.025102   6.784989   4.082306   60.382729   37.382629
310  0.155380  194.902898  0.984687  16.716481  11.110045   6.864600   4.127457   60.895913   37.673676
311  0.155878  196.843430  0.984837  16.858450  11.195378   6.944972   4.173039   61.412344   37.966565
312  0.156376  198.794628  0.984985  17.001164  11.281103   7.026110   4.219057   61.932037   38.261309
313  0.156874  200.757048  0.985131  17.144627  11.367223   7.108021   4.265512   62.455008   38.557912
314  0.157372  202.730728  0.985275  17.288843  11.453739   7.190709   4.312409   62.981273   38.856382
315  0.157870  204.715161  0.985417  17.433814  11.540654   7.274181   4.359751   63.510847   39.156735
316  0.158368  206.711099  0.985557  17.579543  11.627969   7.358443   4.407540   64.043746   39.458972
317  0.158866  208.718247  0.985695  17.726035  11.715688   7.443500   4.455781   64.579984   39.763106
318  0.159364  210.736521  0.985832  17.873292  11.803811   7.529357   4.504477   65.119579   40.069147
319  0.159862  212.766276  0.985966  18.021318  11.892342   7.616022   4.553630   65.662546   40.377101
320  0.160360  214.807691  0.986099  18.170116  11.981283   7.703499   4.603245   66.208899   40.686975
321  0.160858  216.860549  0.986230  18.319689  12.070635   7.791795   4.653324   66.758656   40.998781
322  0.161356  218.924766  0.986359  18.470041  12.160401   7.880916   4.703871   67.311832   41.312531
323  0.161854  221.000574  0.986487  18.621176  12.250583   7.970867   4.754890   67.868442   41.628231
324  0.162352  223.088327  0.986613  18.773095  12.341183   8.061655   4.806383   68.428504   41.945887
325  0.162850  225.187694  0.986737  18.925804  12.432203   8.153285   4.858354   68.992031   42.265512
326  0.163348  227.298886  0.986860  19.079304  12.523646   8.245764   4.910807   69.559042   42.587114
327  0.163846  229.421943  0.986981  19.233600  12.615513   8.339098   4.963746   70.129551   42.910702
328  0.164344  231.557062  0.987100  19.388696  12.707807   8.433293   5.017172   70.703575   43.236285
329  0.164842  233.703736  0.987218  19.544593  12.800530   8.528354   5.071092   71.281130   43.563877
330  0.165340  235.862802  0.987335  19.701297  12.893685   8.624289   5.125506   71.862231   43.893479
331  0.165838  238.033820  0.987450  19.858809  12.987272   8.721103   5.180420   72.446896   44.225105
332  0.166336  240.217064  0.987563  20.017135  13.081295   8.818803   5.235836   73.035140   44.558764
333  0.166834  242.412557  0.987675  20.176276  13.175756   8.917395   5.291759   73.626979   44.894464
334  0.167332  244.620030  0.987786  20.336237  13.270657   9.016885   5.348192   74.222431   45.232218
335  0.167830  246.839901  0.987896  20.497021  13.366000   9.117279   5.405138   74.821510   45.572032
336  0.168328  249.072373  0.988004  20.658631  13.461787   9.218585   5.462602   75.424235   45.913914
337  0.168826  251.317078  0.988110  20.821071  13.558020   9.320807   5.520586   76.030620   46.257878
338  0.169324  253.574572  0.988216  20.984344  13.654703   9.423954   5.579095   76.640682   46.603928
339  0.169822  255.844065  0.988320  21.148454  13.751836   9.528030   5.638132   77.254439   46.952082
340  0.170320  258.126649  0.988423  21.313405  13.849422   9.633044   5.697701   77.871906   47.302339
341  0.170818  260.421656  0.988524  21.479199  13.947463   9.739000   5.757806   78.493100   47.654716
342  0.171316  262.729495  0.988625  21.645841  14.045961   9.845907   5.818450   79.118038   48.009220
343  0.171814  265.050007  0.988724  21.813333  14.144920   9.953770   5.879637   79.746736   48.365861
344  0.172312  267.383387  0.988822  21.981680  14.244340  10.062595   5.941371   80.379211   48.724649
345  0.172810  269.729765  0.988919  22.150885  14.344224  10.172391   6.003656   81.015480   49.085591
346  0.173308  272.088965  0.989015  22.320951  14.444574  10.283162   6.066495   81.655559   49.448701
347  0.173806  274.461255  0.989109  22.491882  14.545393  10.394917   6.129893   82.299466   49.813986
348  0.174304  276.846581  0.989203  22.663681  14.646683  10.507661   6.193853   82.947217   50.181456
349  0.174802  279.245076  0.989295  22.836352  14.748445  10.621402   6.258379   83.598829   50.551121
350  0.175300  281.656721  0.989387  23.009899  14.850683  10.736147   6.323476   84.254319   50.922991
351  0.175798  284.081601  0.989477  23.184325  14.953397  10.851901   6.389146   84.913704   51.297076
352  0.176296  286.519544  0.989566  23.359634  15.056592  10.968673   6.455395   85.577001   51.673387
353  0.176794  288.971353  0.989654  23.535829  15.160268  11.086469   6.522224   86.244227   52.051928
354  0.177292  291.436208  0.989741  23.712914  15.264428  11.205295   6.589640   86.915400   52.432717
355  0.177790  293.914658  0.989828  23.890892  15.369075  11.325160   6.657646   87.590535   52.815759
356  0.178288  296.406865  0.989913  24.069768  15.474210  11.446069   6.726245   88.269652   53.201062
357  0.178786  298.912148  0.989997  24.249544  15.579835  11.568030   6.795443   88.952765   53.588645
358  0.179284  301.431329  0.990081  24.430224  15.685954  11.691050   6.865242   89.639894   53.978509
359  0.179782  303.964063  0.990163  24.611813  15.792568  11.815137   6.935648   90.331055   54.370668
360  0.180280  306.511018  0.990244  24.794313  15.899679  11.940296   7.006663   91.026266   54.765128
361  0.180778  309.071329  0.990325  24.977728  16.007290  12.066536   7.078293   91.725543   55.161906
362  0.181276  311.645652  0.990405  25.162063  16.115403  12.193864   7.150541   92.428905   55.561007
363  0.181774  314.234022  0.990483  25.347320  16.224020  12.322287   7.223412   93.136369   55.962441
364  0.182272  316.836076  0.990561  25.533503  16.333144  12.451811   7.296909   93.847952   56.366222
365  0.182770  319.452469  0.990638  25.720616  16.442776  12.582445   7.371037   94.563672   56.772356
366  0.183268  322.082841  0.990715  25.908662  16.552919  12.714196   7.445801   95.283546   57.180855
367  0.183766  324.727324  0.990790  26.097646  16.663576  12.847071   7.521203   96.007592   57.591730
368  0.184264  327.386213  0.990865  26.287571  16.774748  12.981078   7.597249   96.735828   58.004989
369  0.184762  330.059427  0.990938  26.478440  16.886438  13.116223   7.673943   97.468271   58.420642
370  0.185260  332.746887  0.991011  26.670258  16.998648  13.252515   7.751289   98.204940   58.838703
371  0.185758  335.448523  0.991083  26.863028  17.111380  13.389961   7.829291   98.945851   59.259181
372  0.186256  338.165017  0.991155  27.056754  17.224637  13.528568   7.907954   99.691023   59.682083
373  0.186754  340.896167  0.991225  27.251440  17.338421  13.668345   7.987282  100.440474   60.107420
374  0.187252  343.641069  0.991295  27.447089  17.452735  13.809298   8.067280  101.194221   60.535211
375  0.187750  346.401178  0.991365  27.643705  17.567579  13.951436   8.147951  101.952283   60.965455
376  0.188248  349.175529  0.991433  27.841292  17.682958  14.094765   8.229301  102.714677   61.398170
377  0.188746  351.965274  0.991501  28.039853  17.798873  14.239294   8.311333  103.481421   61.833359
378  0.189244  354.769383  0.991568  28.239393  17.915326  14.385031   8.394053  104.252534   62.271040
379  0.189742  357.589422  0.991634  28.439915  18.032320  14.531983   8.477462  105.028033   62.711212
380  0.190240  360.422651  0.991700  28.641423  18.149856  14.680158   8.561571  105.807937   63.153908
381  0.190738  363.271901  0.991764  28.843921  18.267939  14.829563   8.646378  106.592264   63.599116
382  0.191236  366.135125  0.991829  29.047412  18.386569  14.980208   8.731892  107.381032   64.046863
383  0.191734  369.015806  0.991892  29.251901  18.505749  15.132099   8.818112  108.174259   64.497134
384  0.192232  371.909723  0.991955  29.457391  18.625481  15.285245   8.905050  108.971964   64.949972
385  0.192730  374.818500  0.992017  29.663887  18.745768  15.439654   8.992706  109.774164   65.405375
386  0.193228  377.744296  0.992079  29.871391  18.866611  15.595333   9.081084  110.580879   65.863339
387  0.193726  380.684063  0.992140  30.079908  18.988015  15.752291   9.170191  111.392127   66.323897
388  0.194224  383.640148  0.992201  30.289441  19.109979  15.910536   9.260030  112.207926   66.787043
389  0.194722  386.610852  0.992260  30.499995  19.232508  16.070076   9.350608  113.028295   67.252801
390  0.195220  389.597659  0.992320  30.711573  19.355603  16.230918   9.441926  113.853252   67.721171
391  0.195718  392.599496  0.992378  30.924180  19.479267  16.393073   9.533992  114.682816   68.192172
392  0.196216  395.617281  0.992436  31.137818  19.603502  16.556546   9.626810  115.517005   68.665809
393  0.196714  398.651211  0.992494  31.352493  19.728310  16.721348   9.720383  116.355838   69.142092
394  0.197212  401.700605  0.992550  31.568208  19.853694  16.887486   9.814717  117.199334   69.621036
395  0.197710  404.765497  0.992607  31.784966  19.979656  17.054968   9.909818  118.047512   70.102653
396  0.198208  407.845977  0.992662  32.002772  20.106198  17.223803  10.005689  118.900389   70.586953
397  0.198706  410.943506  0.992717  32.221630  20.233324  17.393999  10.102335  119.757986   71.073938
398  0.199204  414.056621  0.992772  32.441543  20.361034  17.565565  10.199762  120.620321   71.563629
399  0.199702  417.185996  0.992826  32.662516  20.489332  17.738510  10.297973  121.487413   72.056033
400  0.200200  420.330762  0.992880  32.884553  20.618220  17.912841  10.396976  122.359281   72.551166
401  0.200698  423.492006  0.992933  33.107657  20.747701  18.088567  10.496773  123.235943   73.049034
402  0.201196  426.669919  0.992985  33.331832  20.877776  18.265697  10.597370  124.117419   73.549647
403  0.201694  429.863898  0.993037  33.557083  21.008448  18.444240  10.698772  125.003728   74.053019
404  0.202192  433.074017  0.993089  33.783413  21.139720  18.624204  10.800984  125.894889   74.559161
405  0.202690  436.300238  0.993140  34.010826  21.271594  18.805597  10.904011  126.790921   75.068087
406  0.203188  439.543698  0.993190  34.239327  21.404072  18.988430  11.007858  127.691843   75.579799
407  0.203686  442.803161  0.993240  34.468919  21.537157  19.172710  11.112530  128.597675   76.094316
408  0.204184  446.079894  0.993290  34.699607  21.670850  19.358446  11.218031  129.508436   76.611644
409  0.204682  449.372433  0.993339  34.931393  21.805156  19.545647  11.324369  130.424144   77.131802
410  0.205180  452.682279  0.993387  35.164284  21.940075  19.734323  11.431546  131.344820   77.654793
411  0.205678  456.008769  0.993436  35.398281  22.075611  19.924481  11.539568  132.270483   78.180632
412  0.206176  459.352397  0.993483  35.633391  22.211766  20.116131  11.648441  133.201152   78.709328
413  0.206674  462.712458  0.993531  35.869616  22.348542  20.309282  11.758171  134.136847   79.240897
414  0.207172  466.089562  0.993577  36.106960  22.485942  20.503943  11.868761  135.077587   79.775347
415  0.207670  469.484544  0.993624  36.345428  22.623967  20.700123  11.980216  136.023391   80.312685
416  0.208168  472.895511  0.993670  36.585024  22.762621  20.897831  12.092544  136.974280   80.852933
417  0.208666  476.323947  0.993715  36.825751  22.901907  21.097076  12.205748  137.930272   81.396094
418  0.209164  479.769670  0.993760  37.067615  23.041825  21.297868  12.319834  138.891388   81.942182
419  0.209662  483.233224  0.993805  37.310619  23.182380  21.500215  12.434807  139.857648   82.491205
420  0.210160  486.713292  0.993849  37.554766  23.323573  21.704128  12.550673  140.829070   83.043182
421  0.210658  490.210801  0.993893  37.800062  23.465407  21.909614  12.667437  141.805675   83.598121
422  0.211156  493.726197  0.993936  38.046511  23.607884  22.116685  12.785104  142.787483   84.156029
423  0.211654  497.259277  0.993979  38.294116  23.751007  22.325348  12.903680  143.774513   84.716921
424  0.212152  500.809797  0.994022  38.542881  23.894778  22.535614  13.023169  144.766785   85.280809
425  0.212650  504.378879  0.994064  38.792811  24.039199  22.747491  13.143578  145.764320   85.847700
426  0.213148  507.963991  0.994106  39.043911  24.184274  22.960990  13.264913  146.767137   86.417618
427  0.213646  511.567197  0.994147  39.296183  24.330005  23.176120  13.387178  147.775257   86.990565
428  0.214144  515.189004  0.994188  39.549632  24.476394  23.392890  13.510378  148.788698   87.566550
429  0.214642  518.828250  0.994229  39.804263  24.623443  23.611311  13.634521  149.807482   88.145591
430  0.215140  522.486020  0.994269  40.060080  24.771155  23.831391  13.759610  150.831629   88.727694
431  0.215638  526.161616  0.994309  40.317087  24.919533  24.053141  13.885652  151.861159   89.312876
432  0.216136  529.854695  0.994349  40.575287  25.068579  24.276569  14.012652  152.896091   89.901149
433  0.216634  533.566763  0.994388  40.834686  25.218296  24.501687  14.140616  153.936447   90.492519
434  0.217132  537.297092  0.994427  41.095287  25.368686  24.728503  14.269549  154.982246   91.087000
435  0.217630  541.044472  0.994465  41.357095  25.519752  24.957028  14.399459  156.033510   91.684612
436  0.218128  544.811020  0.994504  41.620114  25.671495  25.187271  14.530348  157.090257   92.285356
437  0.218626  548.595888  0.994541  41.884348  25.823920  25.419243  14.662224  158.152510   92.889247
438  0.219124  552.399904  0.994579  42.149801  25.977027  25.652953  14.795092  159.220287   93.496295
439  0.219622  556.221709  0.994616  42.416478  26.130821  25.888412  14.928959  160.293610   94.106518
440  0.220120  560.062280  0.994653  42.684383  26.285302  26.125628  15.063829  161.372500   94.719923
441  0.220618  563.921891  0.994690  42.953520  26.440475  26.364614  15.199708  162.456976   95.336522
442  0.221116  567.798957  0.994726  43.223893  26.596341  26.605377  15.336604  163.547060   95.956334
443  0.221614  571.697090  0.994762  43.495508  26.752902  26.847930  15.474519  164.642771   96.579353
444  0.222112  575.611950  0.994797  43.768367  26.910163  27.092281  15.613463  165.744132   97.205615
445  0.222610  579.546565  0.994832  44.042476  27.068124  27.338442  15.753440  166.851162   97.835115
446  0.223108  583.500876  0.994867  44.317838  27.226789  27.586422  15.894455  167.963883   98.467867
447  0.223606  587.474110  0.994902  44.594459  27.386160  27.836232  16.036514  169.082315   99.103887
448  0.224104  591.464899  0.994936  44.872341  27.546239  28.087881  16.179626  170.206478   99.743194
449  0.224602  595.476525  0.994970  45.151491  27.707030  28.341382  16.323793  171.336395  100.385784
450  0.225100  599.507647  0.995004  45.431911  27.868535  28.596743  16.469023  172.472086  101.031676
451  0.225598  603.556773  0.995038  45.713607  28.030756  28.853976  16.615323  173.613571  101.680890
452  0.226096  607.624836  0.995071  45.996582  28.193696  29.113091  16.762698  174.760872  102.333434
453  0.226594  611.714448  0.995104  46.280842  28.357358  29.374098  16.911152  175.914011  102.989309
454  0.227092  615.821317  0.995136  46.566390  28.521744  29.637009  17.060696  177.073007  103.648545
455  0.227590  619.950393  0.995169  46.853231  28.686856  29.901833  17.211329  178.237883  104.311134
456  0.228088  624.096703  0.995201  47.141369  28.852698  30.168582  17.363065  179.408659  104.977111
457  0.228586  628.264511  0.995233  47.430808  29.019272  30.437266  17.515904  180.585356  105.646469
458  0.229084  632.451282  0.995264  47.721554  29.186581  30.707895  17.669856  181.767997  106.319231
459  0.229582  636.658501  0.995295  48.013610  29.354627  30.980482  17.824925  182.956602  106.995404
460  0.230080  640.883966  0.995326  48.306981  29.523412  31.255036  17.981120  184.151192  107.675011
461  0.230578  645.131694  0.995357  48.601672  29.692940  31.531569  18.138443  185.351790  108.358046
462  0.231076  649.397186  0.995387  48.897686  29.863213  31.810091  18.296905  186.558415  109.044541
463  0.231574  653.684478  0.995418  49.195028  30.034234  32.090613  18.456508  187.771091  109.734493
464  0.232072  657.991146  0.995448  49.493703  30.206005  32.373147  18.617261  188.989838  110.427923
465  0.232570  662.318526  0.995477  49.793715  30.378529  32.657703  18.779169  190.214678  111.124839
466  0.233068  666.666777  0.995507  50.095069  30.551809  32.944293  18.942239  191.445632  111.825253
467  0.233566  671.033875  0.995536  50.397769  30.725846  33.232928  19.106479  192.682723  112.529187
468  0.234064  675.421794  0.995565  50.701819  30.900645  33.523618  19.271893  193.925971  113.236644
469  0.234562  679.831489  0.995594  51.007224  31.076207  33.816375  19.438488  195.175399  113.947635
470  0.235060  684.260070  0.995622  51.313989  31.252536  34.111211  19.606272  196.431028  114.662183
471  0.235558  688.709215  0.995650  51.622118  31.429633  34.408137  19.775250  197.692880  115.380294
472  0.236056  693.180818  0.995678  51.931615  31.607502  34.707163  19.945427  198.960977  116.101975
473  0.236554  697.672055  0.995706  52.242486  31.786144  35.008302  20.116813  200.235341  116.827248
474  0.237052  702.184854  0.995734  52.554734  31.965564  35.311565  20.289412  201.515994  117.556120
475  0.237550  706.718437  0.995761  52.868365  32.145763  35.616962  20.463232  202.802957  118.288606
476  0.238048  711.272593  0.995788  53.183382  32.326745  35.924507  20.638280  204.096253  119.024720
477  0.238546  715.847659  0.995815  53.499790  32.508511  36.234210  20.814561  205.395903  119.764474
478  0.239044  720.444451  0.995842  53.817594  32.691065  36.546083  20.992082  206.701930  120.507878
479  0.239542  725.063063  0.995868  54.136799  32.874409  36.860138  21.170850  208.014356  121.254944
480  0.240040  729.700293  0.995894  54.457409  33.058547  37.176386  21.350874  209.333203  122.005698
481  0.240538  734.361324  0.995920  54.779428  33.243480  37.494839  21.532157  210.658493  122.760132
482  0.241036  739.042855  0.995946  55.102861  33.429211  37.815508  21.714707  211.990249  123.518274
483  0.241534  743.747126  0.995972  55.427714  33.615743  38.138407  21.898531  213.328492  124.280127
484  0.242032  748.471101  0.995997  55.753989  33.803079  38.463545  22.083638  214.673246  125.045715
485  0.242530  753.217503  0.996022  56.081693  33.991222  38.790937  22.270031  216.024531  125.815043
486  0.243028  757.986213  0.996047  56.410830  34.180174  39.120592  22.457719  217.382372  126.588123
487  0.243526  762.774580  0.996072  56.741403  34.369938  39.452524  22.646710  218.746789  127.364979
488  0.244024  767.586436  0.996097  57.073419  34.560516  39.786744  22.837009  220.117807  128.145609
489  0.244522  772.420001  0.996121  57.406881  34.751912  40.123264  23.028623  221.495446  128.930034
490  0.245020  777.274310  0.996145  57.741795  34.944129  40.462097  23.221560  222.879730  129.718269
491  0.245518  782.153469  0.996169  58.078164  35.137168  40.803255  23.415824  224.270682  130.510315
492  0.246016  787.053703  0.996193  58.415994  35.331032  41.146749  23.611426  225.668323  131.306197
493  0.246514  791.973207  0.996217  58.755290  35.525726  41.492593  23.808374  227.072678  132.105936
494  0.247012  796.918514  0.996240  59.096055  35.721250  41.840798  24.006669  228.483767  132.909520
495  0.247510  801.884269  0.996263  59.438295  35.917608  42.191376  24.206323  229.901615  133.716984
496  0.248008  806.872451  0.996287  59.782015  36.114804  42.544341  24.407343  231.326243  134.528333
497  0.248506  811.883707  0.996309  60.127218  36.312838  42.899704  24.609733  232.757676  135.343579
498  0.249004  816.917215  0.996332  60.473911  36.511715  43.257479  24.813503  234.195935  136.162737
499  0.249502  821.971848  0.996355  60.822097  36.711437  43.617677  25.018660  235.641044  136.985825
500  0.250000  827.049911  0.996377  61.171781  36.912006  43.980311  25.225211  237.093025  137.812849
501  0.250498  832.152668  0.996399  61.522969  37.113427  44.345394  25.433160  238.551901  138.643818