      density       alpha     S_nem     F(iso)     F(nem)     P(iso)     P(nem)     mu(iso)     mu(nem)
0    0.001000    4.365950  0.470028  -7.869999  -8.393423   0.001038   0.001035   -6.831947   -7.358186
1    0.001498    4.379734  0.471208  -7.446845  -7.971680   0.001584   0.001578   -6.389399   -6.918510
2    0.001996    4.393759  0.472404  -7.140659  -7.666926   0.002150   0.002138   -6.063521   -6.595565
3    0.002494    4.408028  0.473616  -6.898596  -7.426314   0.002736   0.002718   -5.801465   -6.336504
4    0.002992    4.422545  0.474845  -6.697072  -7.226262   0.003343   0.003317   -5.579646   -6.117741
5    0.003490    4.437315  0.476090  -6.523492  -7.054175   0.003972   0.003935   -5.385467   -5.926680
6    0.003988    4.452340  0.477351  -6.370333  -6.902529   0.004622   0.004573   -5.211401   -5.755796
7    0.004486    4.467626  0.478629  -6.232739  -6.766469   0.005294   0.005232   -5.052591   -5.600232
8    0.004984    4.483177  0.479923  -6.107393  -6.642677   0.005989   0.005911   -4.905717   -5.456670
9    0.005482    4.498997  0.481234  -5.991927  -6.528788   0.006707   0.006612   -4.768410   -5.322740
10   0.005980    4.515090  0.482562  -5.884595  -6.423053   0.007449   0.007334   -4.638919   -5.196695
11   0.006478    4.531462  0.483907  -5.784067  -6.324145   0.008215   0.008078   -4.515914   -5.077203
12   0.006976    4.548120  0.485269  -5.689311  -6.231030   0.009006   0.008844   -4.398359   -4.963231
13   0.007474    4.565064  0.486648  -5.599507  -6.142891   0.009821   0.009633   -4.285434   -4.853959
14   0.007972    4.582301  0.488044  -5.513997  -6.059067   0.010663   0.010446   -4.176475   -4.748724
15   0.008470    4.599836  0.489458  -5.432238  -5.979017   0.011530   0.011282   -4.070939   -4.646986
16   0.008968    4.617675  0.490889  -5.353783  -5.902295   0.012424   0.012143   -3.968376   -4.548294
17   0.009466    4.635824  0.492338  -5.278258  -5.828525   0.013346   0.013028   -3.868408   -4.452272
18   0.009964    4.654291  0.493805  -5.205343  -5.757390   0.014295   0.013938   -3.770714   -4.358601
19   0.010462    4.673076  0.495290  -5.134769  -5.688619   0.015272   0.014873   -3.675021   -4.267009
20   0.010960    4.692189  0.496793  -5.066300  -5.621978   0.016278   0.015834   -3.581091   -4.177260
21   0.011458    4.711636  0.498314  -4.999736  -5.557266   0.017313   0.016822   -3.488721   -4.089151
22   0.011956    4.731424  0.499853  -4.934899  -5.494306   0.018378   0.017836   -3.397730   -4.002504
23   0.012454    4.751559  0.501411  -4.871633  -5.432943   0.019474   0.018878   -3.307961   -3.917162
24   0.012952    4.772049  0.502987  -4.809802  -5.373040   0.020601   0.019947   -3.219273   -3.832987
25   0.013450    4.792898  0.504582  -4.749284  -5.314476   0.021759   0.021044   -3.131541   -3.749856
26   0.013948    4.814116  0.506196  -4.689971  -5.257142   0.022949   0.022170   -3.044655   -3.667659
27   0.014446    4.835710  0.507830  -4.631765  -5.200943   0.024172   0.023325   -2.958515   -3.586298
28   0.014944    4.857688  0.509482  -4.574579  -5.145791   0.025428   0.024510   -2.873029   -3.505684
29   0.015442    4.880058  0.511153  -4.518333  -5.091607   0.026718   0.025724   -2.788116   -3.425738
30   0.015940    4.902829  0.512845  -4.462958  -5.038321   0.028043   0.026969   -2.703702   -3.346387
31   0.016438    4.926009  0.514556  -4.408387  -4.985867   0.029402   0.028245   -2.619718   -3.267564
32   0.016936    4.949608  0.516286  -4.354561  -4.934188   0.030797   0.029553   -2.536102   -3.189210
33   0.017434    4.973634  0.518037  -4.301427  -4.883228   0.032229   0.030892   -2.452797   -3.111268
34   0.017932    4.998098  0.519808  -4.248934  -4.832940   0.033698   0.032264   -2.369750   -3.033690
35   0.018430    5.023010  0.521600  -4.197036  -4.783278   0.035204   0.033669   -2.286912   -2.956427
36   0.018928    5.048380  0.523412  -4.145693  -4.734200   0.036748   0.035107   -2.204237   -2.879437
37   0.019426    5.074218  0.525245  -4.094863  -4.685667   0.038331   0.036579   -2.121684   -2.802680
38   0.019924    5.100538  0.527099  -4.044513  -4.637645   0.039954   0.038085   -2.039213   -2.726120
39   0.020422    5.127350  0.528974  -3.994608  -4.590100   0.041616   0.039626   -1.956788   -2.649721
40   0.020920    5.154666  0.530871  -3.945117  -4.543001   0.043320   0.041203   -1.874373   -2.573453
41   0.021418    5.182500  0.532790  -3.896011  -4.496320   0.045065   0.042815   -1.791936   -2.497284
42   0.021916    5.210864  0.534730  -3.847262  -4.450031   0.046852   0.044464   -1.709447   -2.421189
43   0.022414    5.239773  0.536693  -3.798847  -4.404109   0.048683   0.046150   -1.626878   -2.345140
44   0.022912    5.269241  0.538678  -3.750740  -4.358530   0.050556   0.047873   -1.544200   -2.269114
45   0.023410    5.299283  0.540686  -3.702920  -4.313274   0.052474   0.049634   -1.461388   -2.193088
46   0.023908    5.329915  0.542717  -3.655365  -4.268319   0.054437   0.051433   -1.378418   -2.117039
47   0.024406    5.361154  0.544771  -3.608056  -4.223646   0.056446   0.053271   -1.295266   -2.040950
48   0.024904    5.393016  0.546849  -3.560975  -4.179238   0.058501   0.055148   -1.211910   -1.964800
49   0.025402    5.425519  0.548951  -3.514103  -4.135077   0.060603   0.057066   -1.128328   -1.888571
50   0.025900    5.458683  0.551077  -3.467425  -4.091148   0.062754   0.059024   -1.044501   -1.812248
51   0.026398    5.492526  0.553228  -3.420923  -4.047436   0.064953   0.061022   -0.960409   -1.735814
52   0.026896    5.527065  0.555404  -3.374584  -4.003926   0.067201   0.063062   -0.876033   -1.659255
53   0.027394    5.562330  0.557605  -3.328393  -3.960605   0.069500   0.065144   -0.791356   -1.582556
54   0.027892    5.598338  0.559832  -3.282337  -3.917460   0.071849   0.067269   -0.706359   -1.505704
55   0.028390    5.635115  0.562085  -3.236403  -3.874479   0.074251   0.069436   -0.621027   -1.428688
56   0.028888    5.672682  0.564365  -3.190579  -3.831651   0.076704   0.071647   -0.535343   -1.351494
57   0.029386    5.711067  0.566671  -3.144852  -3.788965   0.079212   0.073901   -0.449292   -1.274113
58   0.029884    5.750295  0.569005  -3.099213  -3.746410   0.081773   0.076200   -0.362858   -1.196534
59   0.030382    5.790395  0.571367  -3.053649  -3.703977   0.084390   0.078544   -0.276027   -1.118747
60   0.030880    5.831395  0.573756  -3.008152  -3.661656   0.087062   0.080934   -0.188785   -1.040742
61   0.031378    5.873327  0.576175  -2.962710  -3.619439   0.089791   0.083369   -0.101118   -0.962512
62   0.031876    5.916223  0.578623  -2.917316  -3.577318   0.092578   0.085851   -0.013012   -0.884048
63   0.032374    5.960114  0.581100  -2.871959  -3.535283   0.095423   0.088379    0.075546   -0.805343
64   0.032872    6.005036  0.583607  -2.826632  -3.493327   0.098327   0.090955    0.164568   -0.726389
65   0.033370    6.051023  0.586144  -2.781325  -3.451444   0.101291   0.093578    0.254067   -0.647180
66   0.033868    6.098115  0.588713  -2.736031  -3.409626   0.104316   0.096250    0.344056   -0.567711
67   0.034366    6.146349  0.591313  -2.690743  -3.367866   0.107404   0.098970    0.434545   -0.487975
68   0.034864    6.195766  0.593945  -2.645451  -3.326158   0.110554   0.101740    0.525548   -0.407967
69   0.035362    6.246407  0.596609  -2.600151  -3.284497   0.113768   0.104559    0.617075   -0.327682
70   0.035860    6.298316  0.599305  -2.554833  -3.242875   0.117046   0.107428    0.709137   -0.247117
71   0.036358    6.351536  0.602035  -2.509493  -3.201289   0.120390   0.110347    0.801747   -0.166266
72   0.036856    6.406113  0.604797  -2.464122  -3.159731   0.123801   0.113318    0.894914   -0.085128
73   0.037354    6.462094  0.607593  -2.418716  -3.118199   0.127279   0.116339    0.988650   -0.003698
74   0.037852    6.519525  0.610423  -2.373267  -3.076685   0.130825   0.119412    1.082964    0.078027
75   0.038350    6.578457  0.613287  -2.327770  -3.035187   0.134441   0.122537    1.177868    0.160049
76   0.038848    6.638939  0.616184  -2.282219  -2.993699   0.138128   0.125715    1.273373    0.242369
77   0.039346    6.701016  0.619115  -2.236609  -2.952218   0.141885   0.128945    1.369486    0.324991
78   0.039844    6.764742  0.622080  -2.190933  -2.910739   0.145716   0.132229    1.466220    0.407916
79   0.040342    6.830165  0.625078  -2.145187  -2.869259   0.149619   0.135565    1.563584    0.491146
80   0.040840    6.897332  0.628109  -2.099366  -2.827773   0.153597   0.138956    1.661588    0.574682
81   0.041338    6.966292  0.631172  -2.053464  -2.786279   0.157651   0.142401    1.760241    0.658525
82   0.041836    7.037090  0.634268  -2.007477  -2.744773   0.161781   0.145901    1.859553    0.742677
83   0.042334    7.109767  0.637393  -1.961399  -2.703251   0.165989   0.149456    1.959534    0.827138
84   0.042832    7.184371  0.640549  -1.915226  -2.661712   0.170275   0.153065    2.060193    0.911911
85   0.043330    7.260933  0.643733  -1.868954  -2.620151   0.174641   0.156731    2.161540    0.996997
86   0.043828    7.339490  0.646943  -1.822578  -2.578566   0.179088   0.160453    2.263583    1.082397
87   0.044326    7.420066  0.650179  -1.776094  -2.536954   0.183617   0.164231    2.366333    1.168114
88   0.044824    7.502688  0.653438  -1.729497  -2.495312   0.188229   0.168066    2.469798    1.254150
89   0.045322    7.587378  0.656718  -1.682783  -2.453639   0.192925   0.171958    2.573987    1.340507
90   0.045820    7.674141  0.660017  -1.635949  -2.411931   0.197707   0.175908    2.678910    1.427189
91   0.046318    7.762985  0.663332  -1.588989  -2.370186   0.202575   0.179917    2.784575    1.514199
92   0.046816    7.853907  0.666659  -1.541900  -2.328402   0.207530   0.183984    2.890992    1.601541
93   0.047314    7.946899  0.669998  -1.494679  -2.286577   0.212575   0.188111    2.998169    1.689221
94   0.047812    8.041942  0.673343  -1.447321  -2.244708   0.217709   0.192298    3.106116    1.777245
95   0.048310    8.139013  0.676692  -1.399822  -2.202792   0.222934   0.196545    3.214841    1.865617
96   0.048808    8.238080  0.680042  -1.352180  -2.160829   0.228252   0.200853    3.324354    1.954346
97   0.049306    8.339104  0.683389  -1.304390  -2.118815   0.233664   0.205224    3.434662    2.043438
98   0.049804    8.442042  0.686730  -1.256448  -2.076749   0.239170   0.209657    3.545775    2.132902
99   0.050302    8.546844  0.690062  -1.208352  -2.034628   0.244772   0.214155    3.657702    2.222747
100  0.050800    8.653453  0.693380  -1.160097  -1.992451   0.250472   0.218716    3.770452    2.312983
101  0.051298    8.761814  0.696683  -1.111681  -1.950214   0.256270   0.223343    3.884032    2.403618
102  0.051796    8.871863  0.699967  -1.063099  -1.907916   0.262168   0.228036    3.998453    2.494664
103  0.052294    8.983537  0.703229  -1.014350  -1.865555   0.268167   0.232796    4.113722    2.586131
104  0.052792    9.096769  0.706466  -0.965428  -1.823128   0.274269   0.237625    4.229848    2.678030
105  0.053290    9.211505  0.709676  -0.916332  -1.780633   0.280474   0.242523    4.346840    2.770372
106  0.053788    9.327670  0.712857  -0.867057  -1.738068   0.286785   0.247491    4.464707    2.863169
107  0.054286    9.445211  0.716006  -0.817602  -1.695431   0.293202   0.252531    4.583458    2.956431
108  0.054784    9.564057  0.719123  -0.767962  -1.652718   0.299727   0.257643    4.703101    3.050171
109  0.055282    9.684161  0.722205  -0.718134  -1.609929   0.306361   0.262829    4.823644    3.144400
110  0.055780    9.805478  0.725251  -0.668116  -1.567060   0.313105   0.268089    4.945097    3.239127
111  0.056278    9.927946  0.728260  -0.617904  -1.524110   0.319961   0.273425    5.067468    3.334366
112  0.056776   10.051533  0.731231  -0.567496  -1.481075   0.326931   0.278838    5.190766    3.430126
113  0.057274   10.176189  0.734164  -0.516888  -1.437953   0.334016   0.284329    5.314999    3.526419
114  0.057772   10.301889  0.737059  -0.466078  -1.394743   0.341216   0.289900    5.440177    3.623254
115  0.058270   10.428604  0.739914  -0.415062  -1.351441   0.348534   0.295550    5.566307    3.720641
116  0.058768   10.556307  0.742731  -0.363839  -1.308046   0.355972   0.301282    5.693399    3.818590
117  0.059266   10.684985  0.745509  -0.312403  -1.264554   0.363530   0.307097    5.821462    3.917111
118  0.059764   10.814617  0.748248  -0.260754  -1.220964   0.371210   0.312995    5.950503    4.016212
119  0.060262   10.945201  0.750950  -0.208888  -1.177273   0.379013   0.318977    6.080532    4.115903
120  0.060760   11.076727  0.753613  -0.156803  -1.133479   0.386942   0.325046    6.211558    4.216191
121  0.061258   11.209208  0.756239  -0.104495  -1.089579   0.394997   0.331201    6.343590    4.317086
122  0.061756   11.342637  0.758829  -0.051962  -1.045570   0.403180   0.337445    6.476635    4.418594
123  0.062254   11.477031  0.761384   0.000799  -1.001452   0.411493   0.343778    6.610703    4.520724
124  0.062752   11.612401  0.763903   0.053791  -0.957221   0.419937   0.350200    6.745803    4.623483
125  0.063250   11.748766  0.766388   0.107016  -0.912874   0.428514   0.356714    6.881943    4.726877
126  0.063748   11.886156  0.768840   0.160476  -0.868410   0.437226   0.363321    7.019133    4.830914
127  0.064246   12.024584  0.771259   0.214176  -0.823827   0.446073   0.370020    7.157380    4.935600
128  0.064744   12.164089  0.773647   0.268117  -0.779122   0.455058   0.376814    7.296695    5.040942
129  0.065242   12.304702  0.776005   0.322302  -0.734292   0.464183   0.383704    7.437086    5.146944
130  0.065740   12.446463  0.778333   0.376734  -0.689337   0.473448   0.390690    7.578562    5.253614
131  0.066238   12.589420  0.780633   0.431415  -0.644252   0.482856   0.397773    7.721131    5.360956
132  0.066736   12.733597  0.782905   0.486348  -0.599038   0.492409   0.404955    7.864803    5.468976
133  0.067234   12.879075  0.785150   0.541536  -0.553690   0.502107   0.412236    8.009587    5.577677
134  0.067732   13.025881  0.787370   0.596980  -0.508207   0.511953   0.419618    8.155492    5.687067
135  0.068230   13.174093  0.789566   0.652685  -0.462588   0.521949   0.427102    8.302526    5.797147
136  0.068728   13.323756  0.791738   0.708651  -0.416829   0.532095   0.434688    8.450699    5.907924
137  0.069226   13.474953  0.793887   0.764882  -0.370929   0.542395   0.442377    8.600019    6.019399
138  0.069724   13.627729  0.796014   0.821381  -0.324886   0.552850   0.450171    8.750497    6.131578
139  0.070222   13.782180  0.798121   0.878150  -0.278699   0.563461   0.458070    8.902141    6.244464
140  0.070720   13.938379  0.800209   0.935191  -0.232364   0.574230   0.466075    9.054959    6.358059
141  0.071218   14.096411  0.802277   0.992507  -0.185880   0.585159   0.474187    9.208962    6.472366
142  0.071716   14.256364  0.804328   1.050101  -0.139246   0.596251   0.482407    9.364159    6.587388
143  0.072214   14.418338  0.806362   1.107975  -0.092459   0.607506   0.490736    9.520558    6.703126
144  0.072712   14.582422  0.808381   1.166131  -0.045519   0.618927   0.499175    9.678169    6.819583
145  0.073210   14.748734  0.810384   1.224572   0.001578   0.630516   0.507725    9.837001    6.936759
146  0.073708   14.917386  0.812374   1.283301   0.048833   0.642274   0.516385    9.997063    7.054657
147  0.074206   15.088499  0.814350   1.342320   0.096247   0.654203   0.525158   10.158366    7.173275
148  0.074704   15.262206  0.816315   1.401632   0.143822   0.666306   0.534043   10.320917    7.292614
149  0.075202   15.438635  0.818269   1.461239   0.191560   0.678584   0.543042   10.484727    7.412675
150  0.075700   15.617943  0.820212   1.521143   0.239461   0.691040   0.552155   10.649805    7.533455
151  0.076198   15.800278  0.822147   1.581347   0.287529   0.703674   0.561383   10.816160    7.654954
152  0.076696   15.985802  0.824073   1.641854   0.335763   0.716490   0.570726   10.983802    7.777169
153  0.077194   16.174700  0.825992   1.702665   0.384166   0.729489   0.580185   11.152741    7.900099
154  0.077692   16.367173  0.827905   1.763785   0.432738   0.742673   0.589760   11.322985    8.023738
155  0.078190   16.563407  0.829813   1.825214   0.481482   0.756045   0.599452   11.494544    8.148084
156  0.078688   16.763624  0.831717   1.886955   0.530397   0.769606   0.609260   11.667428    8.273132
157  0.079186   16.968064  0.833617   1.949012   0.579486   0.783358   0.619186   11.841647    8.398875
158  0.079684   17.176991  0.835516   2.011386   0.628750   0.797304   0.629229   12.017210    8.525307
159  0.080182   17.390631  0.837413   2.074079   0.678189   0.811446   0.639390   12.194127    8.652421
160  0.080680   17.609313  0.839310   2.137095   0.727804   0.825785   0.649668   12.372407    8.780208
161  0.081178   17.833324  0.841209   2.200436   0.777596   0.840324   0.660063   12.552061    8.908659
162  0.081676   18.063054  0.843110   2.264103   0.827567   0.855066   0.670576   12.733098    9.037760
163  0.082174   18.298819  0.845014   2.328101   0.877716   0.870011   0.681205   12.915528    9.167501
164  0.082672   18.541021  0.846923   2.392430   0.928044   0.885163   0.691950   13.099360    9.297868
165  0.083170   18.790100  0.848838   2.457095   0.978553   0.900524   0.702811   13.284605    9.428844
166  0.083668   19.046516  0.850761   2.522096   1.029241   0.916096   0.713786   13.471272    9.560413
167  0.084166   19.310773  0.852691   2.587437   1.080109   0.931880   0.724875   13.659371    9.692554
168  0.084664   19.583404  0.854632   2.653119   1.131158   0.947881   0.736076   13.848913    9.825248
169  0.085162   19.865049  0.856583   2.719146   1.182388   0.964099   0.747388   14.039907    9.958467
170  0.085660   20.156303  0.858547   2.785520   1.233798   0.980537   0.758810   14.232364   10.092190
171  0.086158   20.457899  0.860525   2.852244   1.285388   0.997197   0.770338   14.426293   10.226384
172  0.086656   20.770602  0.862519   2.919319   1.337157   1.014082   0.781972   14.621704   10.361020
173  0.087154   21.095242  0.864529   2.986749   1.389105   1.031194   0.793708   14.818608   10.496062
174  0.087652   21.432719  0.866558   3.054535   1.441231   1.048535   0.805543   15.017015   10.631473
175  0.088150   21.784048  0.868606   3.122680   1.493534   1.066109   0.817475   15.216935   10.767211
176  0.088648   22.150266  0.870676   3.191188   1.546013   1.083916   0.829499   15.418378   10.903233
177  0.089146   22.532601  0.872768   3.260059   1.598666   1.101960   0.841611   15.621354   11.039487
178  0.089644   22.932237  0.874884   3.329297   1.651492   1.120243   0.853808   15.825875   11.175924
179  0.090142   23.350585  0.877026   3.398905   1.704488   1.138768   0.866084   16.031949   11.312488
180  0.090640   23.789110  0.879193   3.468884   1.757652   1.157537   0.878434   16.239588   11.449118
181  0.091138   24.249291  0.881387   3.539237   1.810982   1.176552   0.890853   16.448801   11.585757
182  0.091636   24.732820  0.883608   3.609966   1.864475   1.195816   0.903335   16.659600   11.722337
183  0.092134   25.241372  0.885856   3.681075   1.918127   1.215332   0.915874   16.871995   11.858795
184  0.092632   25.776676  0.888131   3.752566   1.971936   1.235102   0.928463   17.085996   11.995069
185  0.093130   26.340598  0.890431   3.824440   2.025897   1.255129   0.941097   17.301614   12.131092
186  0.093628   26.934744  0.892755   3.896701   2.080007   1.275415   0.953770   17.518859   12.266811
187  0.094126   27.560883  0.895100   3.969351   2.134261   1.295964   0.966477   17.737742   12.402173
188  0.094624   28.220393  0.897461   4.042393   2.188656   1.316776   0.979215   17.958274   12.537142
189  0.095122   28.914675  0.899835   4.115829   2.243186   1.337856   0.991980   18.180465   12.671689
190  0.095620   29.644571  0.902215   4.189661   2.297849   1.359206   1.004771   18.404326   12.805810
191  0.096118   30.410735  0.904595   4.263893   2.352638   1.380829   1.017589   18.629868   12.939515
192  0.096616   31.213222  0.906966   4.338526   2.407551   1.402727   1.030438   18.857102   13.072841
193  0.097114   32.051673  0.909321   4.413564   2.462584   1.424903   1.043321   19.086038   13.205846
194  0.097612   32.925296  0.911652   4.489008   2.517733   1.447359   1.056247   19.316687   13.338605
195  0.098110   33.832522  0.913949   4.564861   2.572996   1.470100   1.069225   19.549060   13.471227
196  0.098608   34.771588  0.916204   4.641126   2.628370   1.493127   1.082268   19.783169   13.603825
197  0.099106   35.740320  0.918410   4.717806   2.683854   1.516442   1.095386   20.019024   13.736528
198  0.099604   36.736280  0.920560   4.794902   2.739447   1.540050   1.108595   20.256635   13.869469
199  0.100102   37.756803  0.922649   4.872418   2.795150   1.563953   1.121907   20.496015   14.002787
200  0.100600   38.799410  0.924672   4.950355   2.850962   1.588154   1.135336   20.737175   14.136606
201  0.101098   39.861520  0.926627   5.028717   2.906885   1.612655   1.148895   20.980124   14.271051
202  0.101596   40.940852  0.928513   5.107507   2.962920   1.637460   1.162594   21.224875   14.406229
203  0.102094   42.034998  0.930329   5.186726   3.019071   1.662572   1.176447   21.471439   14.542247
204  0.102592   43.142197  0.932074   5.266377   3.075338   1.687992   1.190462   21.719827   14.679182
205  0.103090   44.260675  0.933751   5.346462   3.131726   1.713726   1.204646   21.970049   14.817110
206  0.103588   45.389068  0.935361   5.426986   3.188237   1.739774   1.219008   22.222119   14.956088
207  0.104086   46.525968  0.936906   5.507949   3.244875   1.766141   1.233554   22.476046   15.096173
208  0.104584   47.670407  0.938388   5.589354   3.301644   1.792830   1.248289   22.731842   15.237403
209  0.105082   48.821542  0.939810   5.671205   3.358546   1.819843   1.263218   22.989519   15.379809
210  0.105580   49.978588  0.941175   5.753504   3.415586   1.847184   1.278345   23.249088   15.523423
211  0.106078   51.141119  0.942486   5.836252   3.472768   1.874855   1.293673   23.510561   15.668259
212  0.106576   52.308602  0.943744   5.919454   3.530095   1.902861   1.309206   23.773949   15.814338
213  0.107074   53.480707  0.944954   6.003111   3.587571   1.931203   1.324945   24.039263   15.961672
214  0.107572   54.657247  0.946117   6.087227   3.645200   1.959885   1.340892   24.306516   16.110268
215  0.108070   55.838013  0.947235   6.171803   3.702985   1.988911   1.357051   24.575718   16.260134
216  0.108568   57.022914  0.948312   6.256843   3.760931   2.018283   1.373423   24.846883   16.411276
217  0.109066   58.211839  0.949349   6.342349   3.819040   2.048006   1.390009   25.120020   16.563697
218  0.109564   59.404829  0.950349   6.428323   3.877317   2.078081   1.406811   25.395143   16.717399
219  0.110062   60.601851  0.951313   6.514769   3.935765   2.108512   1.423830   25.672262   16.872386
220  0.110560   61.802815  0.952244   6.601689   3.994388   2.139303   1.441069   25.951390   17.028661
221  0.111058   63.007913  0.953143   6.689085   4.053188   2.170457   1.458529   26.232538   17.186223
222  0.111556   64.217287  0.954011   6.776961   4.112169   2.201977   1.476209   26.515719   17.345070
223  0.112054   65.430847  0.954851   6.865319   4.171336   2.233867   1.494114   26.800944   17.505208
224  0.112552   66.648769  0.955663   6.954161   4.230690   2.266129   1.512243   27.088226   17.666635
225  0.113050   67.871120  0.956450   7.043491   4.290235   2.298768   1.530597   27.377576   17.829353
226  0.113548   69.097993  0.957212   7.133310   4.349974   2.331787   1.549180   27.669006   17.993364
227  0.114046   70.329542  0.957950   7.223623   4.409910   2.365189   1.567991   27.962529   18.158668
228  0.114544   71.565857  0.958666   7.314431   4.470047   2.398978   1.587032   28.258157   18.325266
229  0.115042   72.807010  0.959361   7.405737   4.530387   2.433157   1.606305   28.555901   18.493162
230  0.115540   74.053226  0.960036   7.497544   4.590934   2.467730   1.625812   28.855774   18.662353
231  0.116038   75.304528  0.960691   7.589854   4.651689   2.502700   1.645553   29.157789   18.832846
232  0.116536   76.561078  0.961327   7.682671   4.712657   2.538071   1.665531   29.461957   19.004640
233  0.117034   77.822847  0.961946   7.775996   4.773840   2.573846   1.685746   29.768291   19.177742
234  0.117532   79.090247  0.962548   7.869834   4.835240   2.610030   1.706201   30.076804   19.352147
235  0.118030   80.363004  0.963134   7.964185   4.896861   2.646625   1.726898   30.387507   19.527867
236  0.118528   81.641714  0.963704   8.059054   4.958705   2.683635   1.747836   30.700413   19.704894
237  0.119026   82.925993  0.964259   8.154443   5.020775   2.721064   1.769020   31.015534   19.883243
238  0.119524   84.216301  0.964800   8.250355   5.083074   2.758916   1.790450   31.332884   20.062910
239  0.120022   85.512437  0.965328   8.346792   5.145604   2.797195   1.812128   31.652474   20.243904
240  0.120520   86.814747  0.965842   8.443758   5.208368   2.835903   1.834056   31.974317   20.426225
241  0.121018   88.123334  0.966343   8.541254   5.271368   2.875045   1.856236   32.298427   20.609876
242  0.121516   89.438180  0.966832   8.639285   5.334607   2.914626   1.878669   32.624814   20.794865
243  0.122014   90.759493  0.967310   8.737851   5.398088   2.954647   1.901357   32.953493   20.981193
244  0.122512   92.087239  0.967776   8.836958   5.461813   2.995114   1.924303   33.284476   21.168868
245  0.123010   93.421664  0.968231   8.936606   5.525785   3.036031   1.947508   33.617776   21.357892
246  0.123508   94.762824  0.968676   9.036800   5.590005   3.077400   1.970973   33.953405   21.548271
247  0.124006   96.110635  0.969111   9.137541   5.654477   3.119227   1.994703   34.291377   21.740012
248  0.124504   97.465546  0.969536   9.238833   5.719203   3.161514   2.018697   34.631704   21.933114
249  0.125002   98.827244  0.969951   9.340678   5.784185   3.204266   2.042958   34.974399   22.127591
250  0.125500  100.196092  0.970358   9.443080   5.849426   3.247488   2.067489   35.319476   22.323441
251  0.125998  101.572074  0.970755   9.546041   5.914928   3.291182   2.092291   35.666947   22.520674
252  0.126496  102.955273  0.971144   9.649564   5.980693   3.335353   2.117366   36.016825   22.719295
253  0.126994  104.345835  0.971525   9.753652   6.046724   3.380005   2.142717   36.369123   22.919308
254  0.127492  105.743726  0.971898   9.858307   6.113024   3.425142   2.168345   36.723855   23.120721
255  0.127990  107.149146  0.972263   9.963533   6.179593   3.470769   2.194254   37.081034   23.323539
256  0.128488  108.562183  0.972621  10.069333   6.246436   3.516889   2.220444   37.440673   23.527766
257  0.128986  109.982796  0.972971  10.175708   6.313554   3.563506   2.246918   37.802785   23.733413
258  0.129484  111.411079  0.973314  10.282663   6.380949   3.610625   2.273679   38.167384   23.940484
259  0.129982  112.847394  0.973651  10.390201   6.448624   3.658250   2.300728   38.534482   24.148981
260  0.130480  114.291329  0.973981  10.498323   6.516581   3.706385   2.328068   38.904093   24.358919
261  0.130978  115.743365  0.974305  10.607033   6.584821   3.755034   2.355702   39.276231   24.570297
262  0.131476  117.203364  0.974622  10.716334   6.653349   3.804202   2.383631   39.650910   24.783127
263  0.131974  118.671462  0.974933  10.826228   6.722165   3.853893   2.411858   40.028141   24.997413
264  0.132472  120.147654  0.975239  10.936720   6.791272   3.904111   2.440385   40.407940   25.213163
265  0.132970  121.632278  0.975538  11.047811   6.860672   3.954861   2.469214   40.790319   25.430380
266  0.133468  123.125013  0.975832  11.159504   6.930367   4.006147   2.498349   41.175293   25.649078
267  0.133966  124.626271  0.976121  11.271804   7.000360   4.057974   2.527791   41.562874   25.869257
268  0.134464  126.135886  0.976405  11.384711   7.070653   4.110345   2.557542   41.953077   26.090929
269  0.134962  127.654082  0.976683  11.498230   7.141248   4.163265   2.587606   42.345915   26.314099
270  0.135460  129.180902  0.976957  11.612364   7.212147   4.216740   2.617985   42.741402   26.538773
271  0.135958  130.716248  0.977225  11.727114   7.283352   4.270772   2.648681   43.139552   26.764962
272  0.136456  132.260549  0.977489  11.842486   7.354866   4.325368   2.679696   43.540379   26.992667
273  0.136954  133.813488  0.977748  11.958480   7.426690   4.380531   2.711033   43.943896   27.221902
274  0.137452  135.375094  0.978003  12.075101   7.498827   4.436266   2.742696   44.350118   27.452674
275  0.137950  136.945945  0.978254  12.192351   7.571280   4.492577   2.774686   44.759058   27.684984
276  0.138448  138.525673  0.978500  12.310234   7.644049   4.549470   2.807005   45.170731   27.918845
277  0.138946  140.114570  0.978742  12.428752   7.717138   4.606949   2.839657   45.585150   28.154261
278  0.139444  141.712324  0.978980  12.547908   7.790548   4.665018   2.872644   46.002329   28.391246
279  0.139942  143.319346  0.979214  12.667706   7.864282   4.723683   2.905968   46.422283   28.629803
280  0.140440  144.935604  0.979444  12.788148   7.938342   4.782948   2.939634   46.845026   28.869939
281  0.140938  146.561242  0.979670  12.909238   8.012730   4.842818   2.973641   47.270572   29.111663
282  0.141436  148.196138  0.979893  13.030979   8.087448   4.903297   3.007995   47.698935   29.354983
283  0.141934  149.840527  0.980112  13.153373   8.162498   4.964391   3.042697   48.130129   29.599907
284  0.142432  151.494400  0.980328  13.276424   8.237882   5.026104   3.077750   48.564170   29.846442
285  0.142930  153.157899  0.980540  13.400135   8.313603   5.088442   3.113157   49.001070   30.094595
286  0.143428  154.830822  0.980749  13.524508   8.389662   5.151408   3.148921   49.440845   30.344378
287  0.143926  156.513247  0.980955  13.649548   8.466063   5.215009   3.185044   49.883509   30.595799
288  0.144424  158.205718  0.981157  13.775256   8.542806   5.279249   3.221529   50.329077   30.848859
289  0.144922  159.907939  0.981357  13.901637   8.619894   5.344133   3.258380   50.777562   31.103572
290  0.145420  161.620107  0.981553  14.028693   8.697329   5.409666   3.295597   51.228980   31.359942
291  0.145918  163.341931  0.981746  14.156428   8.775114   5.475853   3.333186   51.683345   31.617984
292  0.146416  165.073905  0.981936  14.284844   8.853250   5.542699   3.371148   52.140671   31.877699
293  0.146914  166.815882  0.982124  14.413944   8.931739   5.610209   3.409486   52.600974   32.139099
294  0.147412  168.567947  0.982309  14.543733   9.010584   5.678389   3.448204   53.064268   32.402192
295  0.147910  170.330000  0.982491  14.674212   9.089787   5.747244   3.487304   53.530568   32.666987
296  0.148408  172.102387  0.982670  14.805386   9.169350   5.816778   3.526788   53.999889   32.933490
297  0.148906  173.885060  0.982846  14.937256   9.249274   5.886997   3.566661   54.472245   33.201710
298  0.149404  175.677937  0.983021  15.069828   9.329563   5.957906   3.606925   54.947651   33.471657
299  0.149902  177.481237  0.983192  15.203103   9.410218   6.029511   3.647583   55.426122   33.743338
300  0.150400  179.294965  0.983361  15.337084   9.491241   6.101817   3.688638   55.907674   34.016762
301  0.150898  181.119171  0.983528  15.471776   9.572635   6.174828   3.730093   56.392320   34.291938
302  0.151396  182.954033  0.983692  15.607181   9.654401   6.248551   3.771951   56.880077   34.568872
303  0.151894  184.799255  0.983854  15.743302   9.736542   6.322991   3.814216   57.370959   34.847578
304  0.152392  186.655285  0.984014  15.880143   9.819060   6.398154   3.856889   57.864982   35.128059
305  0.152890  188.522250  0.984171  16.017707   9.901957   6.474043   3.899974   58.362159   35.410324
306  0.153388  190.399764  0.984326  16.155996   9.985235   6.550666   3.943475   58.862508   35.694385
307  0.153886  192.288076  0.984480  16.295015  10.068896   6.628028   3.987395   59.366042   35.980250
308  0.154384  194.187212  0.984631  16.434767  10.152942   6.706134   4.031736   59.872778   36.267928
309  0.154882  196.097361  0.984779  16.575254  10.237376   6.784989   4.076502   60.382729   36.557425
310  0.155380  198.018673  0.984926  16.716481  10.322199   6.864600   4.121695   60.895913   36.848750
311  0.155878  199.950980  0.985071  16.858450  10.407414   6.944972   4.167320   61.412344   37.141914
312  0.156376  201.894180  0.985214  17.001164  10.493023   7.026110   4.213380   61.932037   37.436927
313  0.156874  203.848967  0.985355  17.144627  10.579028   7.108021   4.259876   62.455008   37.733791
314  0.157372  205.814512  0.985495  17.288843  10.665431   7.190709   4.306815   62.981273   38.032526
315  0.157870  207.791512  0.985632  17.433814  10.752234   7.274181   4.354196   63.510847   38.333132
316  0.158368  209.779850  0.985767  17.579543  10.839439   7.358443   4.402026   64.043746   38.635621
317  0.158866  211.779588  0.985901  17.726035  10.927049   7.443500   4.450306   64.579984   38.940002
318  0.159364  213.791119  0.986033  17.873292  11.015065   7.529357   4.499039   65.119579   39.246280
319  0.159862  215.813537  0.986164  18.021318  11.103490   7.616022   4.548231   65.662546   39.554474
320  0.160360  217.847856  0.986292  18.170116  11.192326   7.703499   4.597883   66.208899   39.864583
321  0.160858  219.893607  0.986419  18.319689  11.281575   7.791795   4.647999   66.758656   40.176622
322  0.161356  221.951685  0.986544  18.470041  11.371239   7.880916   4.698582   67.311832   40.490591
323  0.161854  224.020787  0.986668  18.621176  11.461320   7.970867   4.749637   67.868442   40.806514
324  0.162352  226.101891  0.986790  18.773095  11.551821   8.061655   4.801166   68.428504   41.124389
325  0.162850  228.195061  0.986911  18.925804  11.642743   8.153285   4.853172   68.992031   41.444227
326  0.163348  230.299740  0.987030  19.079304  11.734089   8.245764   4.905660   69.559042   41.766043
327  0.163846  232.416322  0.987148  19.233600  11.825861   8.339098   4.958632   70.129551   42.089843
328  0.164344  234.545156  0.987264  19.388696  11.918061   8.433293   5.012093   70.703575   42.415632
329  0.164842  236.685853  0.987379  19.544593  12.010691   8.528354   5.066045   71.281130   42.743424
330  0.165340  238.838988  0.987492  19.701297  12.103754   8.624289   5.120492   71.862231   43.073225
331  0.165838  241.004078  0.987604  19.858809  12.197250   8.721103   5.175439   72.446896   43.405048
332  0.166336  243.181523  0.987714  20.017135  12.291184   8.818803   5.230887   73.035140   43.738899
333  0.166834  245.371227  0.987823  20.176276  12.385556   8.917395   5.286842   73.626979   44.074790
334  0.167332  247.573134  0.987931  20.336237  12.480370   9.016885   5.343306   74.222431   44.412730
335  0.167830  249.787660  0.988038  20.497021  12.575626   9.117279   5.400283   74.821510   44.752727
336  0.168328  252.014617  0.988143  20.658631  12.671328   9.218585   5.457777   75.424235   45.094791
337  0.168826  254.253983  0.988247  20.821071  12.767477   9.320807   5.515791   76.030620   45.438933
338  0.169324  256.505789  0.988350  20.984344  12.864076   9.423954   5.574330   76.640682   45.785163
339  0.169822  258.770662  0.988452  21.148454  12.961127   9.528030   5.633396   77.254439   46.133484
340  0.170320  261.047772  0.988552  21.313405  13.058631   9.633044   5.692994   77.871906   46.483916
341  0.170818  263.337849  0.988651  21.479199  13.156592   9.739000   5.753128   78.493100   46.836460
342  0.171316  265.640535  0.988749  21.645841  13.255012   9.845907   5.813800   79.118038   47.191131
343  0.171814  267.956198  0.988846  21.813333  13.353891   9.953770   5.875016   79.746736   47.547936
344  0.172312  270.284894  0.988942  21.981680  13.453234  10.062595   5.936777   80.379211   47.906883
345  0.172810  272.626277  0.989036  22.150885  13.553042  10.172391   5.999090   81.015480   48.267987
346  0.173308  274.980930  0.989130  22.320951  13.653316  10.283162   6.061956   81.655559   48.631252
347  0.173806  277.348579  0.989222  22.491882  13.754060  10.394917   6.125381   82.299466   48.996691
348  0.174304  279.729143  0.989314  22.663681  13.855276  10.507661   6.189368   82.947217   49.364316
349  0.174802  282.122914  0.989404  22.836352  13.956965  10.621402   6.253920   83.598829   49.734133
350  0.175300  284.530309  0.989493  23.009899  14.059130  10.736147   6.319042   84.254319   50.106150
351  0.175798  286.950824  0.989582  23.184325  14.161774  10.851901   6.384738   84.913704   50.480381
352  0.176296  289.384459  0.989669  23.359634  14.264898  10.968673   6.451012   85.577001   50.856836
353  0.176794  291.831853  0.989755  23.535829  14.368504  11.086469   6.517867   86.244227   51.235521
354  0.177292  294.292628  0.989841  23.712914  14.472595  11.205295   6.585308   86.915400   51.616449
355  0.177790  296.767033  0.989925  23.890892  14.577173  11.325160   6.653338   87.590535   51.999629
356  0.178288  299.254597  0.990009  24.069768  14.682241  11.446069   6.721963   88.269652   52.385074
357  0.178786  301.756034  0.990091  24.249544  14.787800  11.568030   6.791184   88.952765   52.772790
358  0.179284  304.271265  0.990173  24.430224  14.893852  11.691050   6.861008   89.639894   53.162787
359  0.179782  306.800427  0.990254  24.611813  15.000401  11.815137   6.931436   90.331055   53.555075
360  0.180280  309.342904  0.990333  24.794313  15.107448  11.940296   7.002476   91.026266   53.949669
361  0.180778  311.899495  0.990412  24.977728  15.214995  12.066536   7.074129   91.725543   54.346575
362  0.181276  314.470294  0.990490  25.162063  15.323045  12.193864   7.146399   92.428905   54.745800
363  0.181774  317.054768  0.990568  25.347320  15.431599  12.322287   7.219293   93.136369   55.147361
364  0.182272  319.652964  0.990644  25.533503  15.540661  12.451811   7.292813   93.847952   55.551267
365  0.182770  322.266009  0.990720  25.720616  15.650233  12.582445   7.366963   94.563672   55.957520
366  0.183268  324.892459  0.990795  25.908662  15.760315  12.714196   7.441749   95.283546   56.366142
367  0.183766  327.533409  0.990869  26.097646  15.870912  12.847071   7.517173   96.007592   56.777136
368  0.184264  330.188889  0.990942  26.287571  15.982025  12.981078   7.593241   96.735828   57.190512
369  0.184762  332.858613  0.991014  26.478440  16.093657  13.116223   7.669956   97.468271   57.606282
370  0.185260  335.542376  0.991086  26.670258  16.205809  13.252515   7.747323   98.204940   58.024459
371  0.185758  338.240935  0.991157  26.863028  16.318484  13.389961   7.825346   98.945851   58.445048
372  0.186256  340.953591  0.991227  27.056754  16.431685  13.528568   7.904031   99.691023   58.868066
373  0.186754  343.681104  0.991296  27.251440  16.545413  13.668345   7.983379  100.440474   59.293516
374  0.187252  346.423253  0.991365  27.447089  16.659670  13.809298   8.063397  101.194221   59.721413
375  0.187750  349.180464  0.991433  27.643705  16.774460  13.951436   8.144088  101.952283   60.151762
376  0.188248  351.951524  0.991500  27.841292  16.889785  14.094765   8.225459  102.714677   60.584585
377  0.188746  354.737619  0.991567  28.039853  17.005646  14.239294   8.307511  103.481421   61.019883
378  0.189244  357.538822  0.991633  28.239393  17.122046  14.385031   8.390250  104.252534   61.457667
379  0.189742  360.355013  0.991698  28.439915  17.238987  14.531983   8.473681  105.028033   61.897949
380  0.190240  363.185985  0.991763  28.641423  17.356472  14.680158   8.557807  105.807937   62.340741
381  0.190738  366.032051  0.991826  28.843921  17.474502  14.829563   8.642634  106.592264   62.786051
382  0.191236  368.893968  0.991890  29.047412  17.593081  14.980208   8.728165  107.381032   63.233886
383  0.191734  371.769352  0.991952  29.251901  17.712211  15.132099   8.814407  108.174259   63.684273
384  0.192232  374.661261  0.992014  29.457391  17.831893  15.285245   8.901362  108.971964   64.137202
385  0.192730  377.567743  0.992075  29.663887  17.952130  15.439654   8.989036  109.774164   64.592697
386  0.193228  380.490719  0.992136  29.871391  18.072925  15.595333   9.077432  110.580879   65.050757
387  0.193726  383.426775  0.992196  30.079908  18.194280  15.752291   9.166559  111.392127   65.511415
388  0.194224  386.381119  0.992256  30.289441  18.316197  15.910536   9.256415  112.207926   65.974648
389  0.194722  389.348321  0.992315  30.499995  18.438678  16.070076   9.347011  113.028295   66.440503
390  0.195220  392.332382  0.992373  30.711573  18.561726  16.230918   9.438348  113.853252   66.908965
391  0.195718  395.331037  0.992431  30.924180  18.685343  16.393073   9.530432  114.682816   67.380059
392  0.196216  398.346378  0.992488  31.137818  18.809532  16.556546   9.623267  115.517005   67.853784
393  0.196714  401.377846  0.992544  31.352493  18.934295  16.721348   9.716857  116.355838   68.330154
394  0.197212  404.424567  0.992600  31.568208  19.059633  16.887486   9.811209  117.199334   68.809187
395  0.197710  407.487128  0.992656  31.784966  19.185551  17.054968   9.906326  118.047512   69.290888
396  0.198208  410.565597  0.992711  32.002772  19.312049  17.223803  10.002214  118.900389   69.775271
397  0.198706  413.659457  0.992765  32.221630  19.439130  17.393999  10.098878  119.757986   70.262348
398  0.199204  416.770322  0.992819  32.441543  19.566798  17.565565  10.196321  120.620321   70.752121
399  0.199702  419.897295  0.992872  32.662516  19.695053  17.738510  10.294549  121.487413   71.244608
400  0.200200  423.039593  0.992925  32.884553  19.823898  17.912841  10.393568  122.359281   71.739823
401  0.200698  426.198701  0.992978  33.107657  19.953336  18.088567  10.493381  123.235943   72.237771
402  0.201196  429.374225  0.993029  33.331832  20.083370  18.265697  10.593994  124.117419   72.738464
403  0.201694  432.565163  0.993081  33.557083  20.214001  18.444240  10.695413  125.003728   73.241920
404  0.202192  435.772987  0.993131  33.783413  20.345232  18.624204  10.797641  125.894889   73.748141
405  0.202690  438.997399  0.993182  34.010826  20.477065  18.805597  10.900684  126.790921   74.257141
406  0.203188  442.238266  0.993232  34.239327  20.609503  18.988430  11.004546  127.691843   74.768932
407  0.203686  445.496499  0.993281  34.468919  20.742548  19.172710  11.109232  128.597675   75.283520
408  0.204184  448.769261  0.993330  34.699607  20.876203  19.358446  11.214751  129.508436   75.800934
409  0.204682  452.060178  0.993378  34.931393  21.010469  19.545647  11.321104  130.424144   76.321163
410  0.205180  455.368813  0.993426  35.164284  21.145350  19.734323  11.428295  131.344820   76.844223
411  0.205678  458.692549  0.993474  35.398281  21.280847  19.924481  11.536333  132.270483   77.370139
412  0.206176  462.033619  0.993521  35.633391  21.416964  20.116131  11.645222  133.201152   77.898910
413  0.206674  465.391531  0.993568  35.869616  21.553703  20.309282  11.754966  134.136847   78.430551
414  0.207172  468.766470  0.993614  36.106960  21.691065  20.503943  11.865571  135.077587   78.965072
415  0.207670  472.158908  0.993660  36.345428  21.829054  20.700123  11.977041  136.023391   79.502483
416  0.208168  475.568599  0.993705  36.585024  21.967672  20.897831  12.089383  136.974280   80.042797
417  0.208666  478.995607  0.993750  36.825751  22.106921  21.097076  12.202601  137.930272   80.586024
418  0.209164  482.439050  0.993794  37.067615  22.246804  21.297868  12.316701  138.891388   81.132182
419  0.209662  485.900126  0.993839  37.310619  22.387323  21.500215  12.431689  139.857648   81.681276
420  0.210160  489.378264  0.993882  37.554766  22.528481  21.704128  12.547569  140.829070   82.233320
421  0.210658  492.874367  0.993926  37.800062  22.670280  21.909614  12.664347  141.805675   82.788322
422  0.211156  496.387857  0.993969  38.046511  22.812722  22.116685  12.782027  142.787483   83.346296
423  0.211654  499.918677  0.994011  38.294116  22.955811  22.325348  12.900617  143.774513   83.907255
424  0.212152  503.468389  0.994053  38.542881  23.099548  22.535614  13.020119  144.766785   84.471202
425  0.212650  507.033470  0.994095  38.792811  23.243936  22.747491  13.140543  145.764320   85.038168
426  0.213148  510.617187  0.994136  39.043911  23.388978  22.960990  13.261892  146.767137   85.608147
427  0.213646  514.219691  0.994177  39.296183  23.534675  23.176120  13.384169  147.775257   86.181151
428  0.214144  517.839048  0.994218  39.549632  23.681031  23.392890  13.507384  148.788698   86.757202
429  0.214642  521.476933  0.994258  39.804263  23.828048  23.611311  13.631539  149.807482   87.336302
430  0.215140  525.132385  0.994298  40.060080  23.975728  23.831391  13.756641  150.831629   87.918470
431  0.215638  528.806637  0.994338  40.317087  24.124075  24.053141  13.882696  151.861159   88.503710
432  0.216136  532.498350  0.994377  40.575287  24.273089  24.276569  14.009709  152.896091   89.092041
433  0.216634  536.208169  0.994416  40.834686  24.422775  24.501687  14.137686  153.936447   89.683473
434  0.217132  539.936316  0.994454  41.095287  24.573134  24.728503  14.266633  154.982246   90.278016
435  0.217630  543.682455  0.994492  41.357095  24.724169  24.957028  14.396554  156.033510   90.875684
436  0.218128  547.447709  0.994530  41.620114  24.875882  25.187271  14.527456  157.090257   91.476483
437  0.218626  551.230375  0.994568  41.884348  25.028276  25.419243  14.659345  158.152510   92.080435
438  0.219124  555.032567  0.994605  42.149801  25.181354  25.652953  14.792226  159.220287   92.687541
439  0.219622  558.852772  0.994641  42.416478  25.335118  25.888412  14.926105  160.293610   93.297820
440  0.220120  562.692445  0.994678  42.684383  25.489570  26.125628  15.060986  161.372500   93.911277
441  0.220618  566.550231  0.994714  42.953520  25.644713  26.364614  15.196878  162.456976   94.527932
442  0.221116  570.426265  0.994750  43.223893  25.800550  26.605377  15.333786  163.547060   95.147796
443  0.221614  574.322034  0.994786  43.495508  25.957084  26.847930  15.471713  164.642771   95.770874
444  0.222112  578.235431  0.994821  43.768367  26.114315  27.092281  15.610670  165.744132   96.397189
445  0.222610  582.168577  0.994856  44.042476  26.272249  27.338442  15.750658  166.851162   97.026743
446  0.223108  586.121904  0.994890  44.317838  26.430886  27.586422  15.891684  167.963883   97.659545
447  0.223606  590.092211  0.994925  44.594459  26.590229  27.836232  16.033757  169.082315   98.295624
448  0.224104  594.081809  0.994959  44.872341  26.750281  28.087881  16.176880  170.206478   98.934981
449  0.224602  598.092346  0.994992  45.151491  26.911045  28.341382  16.321058  171.336395   99.577621
450  0.225100  602.121301  0.995026  45.431911  27.072523  28.596743  16.466300  172.472086  100.223568
451  0.225598  606.169137  0.995059  45.713607  27.234717  28.853976  16.612611  173.613571  100.872832
452  0.226096  610.237229  0.995092  45.996582  27.397631  29.113091  16.759997  174.760872  101.525420
453  0.226594  614.324670  0.995125  46.280842  27.561266  29.374098  16.908463  175.914011  102.181347
454  0.227092  618.430821  0.995157  46.566390  27.725626  29.637009  17.058016  177.073007  102.840630
455  0.227590  622.557226  0.995189  46.853231  27.890713  29.901833  17.208663  178.237883  103.503274
456  0.228088  626.702262  0.995221  47.141369  28.056530  30.168582  17.360409  179.408659  104.169299
457  0.228586  630.868670  0.995252  47.430808  28.223078  30.437266  17.513260  180.585356  104.838704
458  0.229084  635.054110  0.995283  47.721554  28.390362  30.707895  17.667222  181.767997  105.511515
459  0.229582  639.258605  0.995314  48.013610  28.558383  30.980482  17.822303  182.956602  106.187741
460  0.230080  643.484747  0.995345  48.306981  28.727144  31.255036  17.978507  184.151192  106.867386
461  0.230578  647.729734  0.995376  48.601672  28.896647  31.531569  18.135842  185.351790  107.550474
462  0.231076  651.994676  0.995406  48.897686  29.066896  31.810091  18.294314  186.558415  108.237012
463  0.231574  656.280111  0.995436  49.195028  29.237893  32.090613  18.453928  187.771091  108.927011
464  0.232072  660.585901  0.995465  49.493703  29.409640  32.373147  18.614691  188.989838  109.620485
465  0.232570  664.911967  0.995495  49.793715  29.582140  32.657703  18.776610  190.214678  110.317447
466  0.233068  669.258493  0.995524  50.095069  29.755396  32.944293  18.939691  191.445632  111.017907
467  0.233566  673.624962  0.995553  50.397769  29.929411  33.232928  19.103941  192.682723  111.721883
468  0.234064  678.011865  0.995582  50.701819  30.104186  33.523618  19.269365  193.925971  112.429383
469  0.234562  682.419690  0.995610  51.007224  30.279726  33.816375  19.435970  195.175399  113.140420
470  0.235060  686.847337  0.995639  51.313989  30.456031  34.111211  19.603764  196.431028  113.855010
471  0.235558  691.295217  0.995667  51.622118  30.633106  34.408137  19.772752  197.692880  114.573165
472  0.236056  695.765802  0.995694  51.931615  30.810952  34.707163  19.942940  198.960977  115.294887
473  0.236554  700.256193  0.995722  52.242486  30.989573  35.008302  20.114335  200.235341  116.020201
474  0.237052  704.768049  0.995749  52.554734  31.168971  35.311565  20.286944  201.515994  116.749113
475  0.237550  709.300867  0.995776  52.868365  31.349148  35.616962  20.460773  202.802957  117.481639
476  0.238048  713.852588  0.995803  53.183382  31.530108  35.924507  20.635832  204.096253  118.217800
477  0.238546  718.427489  0.995830  53.499790  31.711853  36.234210  20.812122  205.395903  118.957591
478  0.239044  723.022409  0.995856  53.817594  31.894386  36.546083  20.989653  206.701930  119.701038
479  0.239542  727.638221  0.995883  54.136799  32.077709  36.860138  21.168432  208.014356  120.448151
480  0.240040  732.276599  0.995909  54.457409  32.261825  37.176386  21.348464  209.333203  121.198936
481  0.240538  736.935159  0.995935  54.779428  32.446738  37.494839  21.529757  210.658493  121.953416
482  0.241036  741.616651  0.995960  55.102861  32.632448  37.815508  21.712317  211.990249  122.711592
483  0.241534  746.318362  0.995986  55.427714  32.818960  38.138407  21.896151  213.328492  123.473490
484  0.242032  751.042055  0.996011  55.753989  33.006276  38.463545  22.081266  214.673246  124.239114
485  0.242530  755.787265  0.996036  56.081693  33.194399  38.790937  22.267669  216.024531  125.008480
486  0.243028  760.553484  0.996061  56.410830  33.383331  39.120592  22.455368  217.382372  125.781604
487  0.243526  765.342168  0.996085  56.741403  33.573075  39.452524  22.644367  218.746789  126.558492
488  0.244024  770.153140  0.996110  57.073419  33.763634  39.786744  22.834674  220.117807  127.339159
489  0.244522  774.986104  0.996134  57.406881  33.955010  40.123264  23.026297  221.495446  128.123619
490  0.245020  779.840117  0.996158  57.741795  34.147207  40.462097  23.219242  222.879730  128.911890
491  0.245518  784.715702  0.996182  58.078164  34.340227  40.803255  23.413518  224.270682  129.703981
492  0.246016  789.613852  0.996205  58.415994  34.534073  41.146749  23.609130  225.668323  130.499903
493  0.246514  794.535061  0.996229  58.755290  34.728747  41.492593  23.806084  227.072678  131.299668
494  0.247012  799.478024  0.996252  59.096055  34.924253  41.840798  24.004389  228.483767  132.103294
495  0.247510  804.442809  0.996275  59.438295  35.120593  42.191376  24.204052  229.901615  132.910793
496  0.248008  809.430901  0.996298  59.782015  35.317770  42.544341  24.405079  231.326243  133.722174
497  0.248506  814.440513  0.996321  60.127218  35.515786  42.899704  24.607479  232.757676  134.537457
498  0.249004  819.472550  0.996344  60.473911  35.714645  43.257479  24.811258  234.195935  135.356651
499  0.249502  824.527870  0.996366  60.822097  35.914348  43.617677  25.016423  235.641044  136.179768
500  0.250000  829.605626  0.996388  61.171781  36.114900  43.980311  25.222981  237.093025  137.006824
501  0.250498  834.705689  0.996410  61.522969  36.316303  44.345394  25.430940  238.551901  137.837833