      density       alpha     S_nem     F(iso)     F(nem)     P(iso)     P(nem)     mu(iso)     mu(nem)
0    0.001000    1.533597  0.128349  -7.869999  -7.907873   0.001038   0.001038   -6.831947   -6.870044
1    0.001498    1.536350  0.128727  -7.446845  -7.484830   0.001584   0.001584   -6.389399   -6.427722
2    0.001996    1.539142  0.129111  -7.140659  -7.178757   0.002150   0.002149   -6.063521   -6.102075
3    0.002494    1.541974  0.129500  -6.898596  -6.936809   0.002736   0.002735   -5.801465   -5.840255
4    0.002992    1.544847  0.129895  -6.697072  -6.735401   0.003343   0.003341   -5.579646   -5.618676
5    0.003490    1.547760  0.130296  -6.523492  -6.561938   0.003972   0.003969   -5.385467   -5.424742
6    0.003988    1.550713  0.130703  -6.370333  -6.408898   0.004622   0.004618   -5.211401   -5.250925
7    0.004486    1.553708  0.131116  -6.232739  -6.271425   0.005294   0.005289   -5.052591   -5.092370
8    0.004984    1.556744  0.131534  -6.107393  -6.146201   0.005989   0.005983   -4.905717   -4.945755
9    0.005482    1.559822  0.131959  -5.991927  -6.030859   0.006707   0.006700   -4.768410   -4.808712
10   0.005980    1.562943  0.132390  -5.884595  -5.923652   0.007449   0.007440   -4.638919   -4.679490
11   0.006478    1.566106  0.132827  -5.784067  -5.823251   0.008215   0.008204   -4.515914   -4.556759
12   0.006976    1.569312  0.133270  -5.689311  -5.728623   0.009006   0.008993   -4.398359   -4.439484
13   0.007474    1.572562  0.133719  -5.599507  -5.638950   0.009821   0.009807   -4.285434   -4.326843
14   0.007972    1.575856  0.134174  -5.513997  -5.553571   0.010663   0.010646   -4.176475   -4.218173
15   0.008470    1.579195  0.134636  -5.432238  -5.471946   0.011530   0.011511   -4.070939   -4.112932
16   0.008968    1.582578  0.135105  -5.353783  -5.393626   0.012424   0.012402   -3.968376   -4.010670
17   0.009466    1.586007  0.135580  -5.278258  -5.318238   0.013346   0.013321   -3.868408   -3.911007
18   0.009964    1.589481  0.136061  -5.205343  -5.245462   0.014295   0.014267   -3.770714   -3.813625
19   0.010462    1.593002  0.136550  -5.134769  -5.175028   0.015272   0.015241   -3.675021   -3.718249
20   0.010960    1.596570  0.137045  -5.066300  -5.106702   0.016278   0.016243   -3.581091   -3.624643
21   0.011458    1.600185  0.137547  -4.999736  -5.040282   0.017313   0.017275   -3.488721   -3.532602
22   0.011956    1.603848  0.138056  -4.934899  -4.975590   0.018378   0.018336   -3.397730   -3.441947
23   0.012454    1.607560  0.138572  -4.871633  -4.912472   0.019474   0.019428   -3.307961   -3.352519
24   0.012952    1.611321  0.139095  -4.809802  -4.850791   0.020601   0.020550   -3.219273   -3.264179
25   0.013450    1.615131  0.139625  -4.749284  -4.790425   0.021759   0.021703   -3.131541   -3.176802
26   0.013948    1.618992  0.140162  -4.689971  -4.731265   0.022949   0.022888   -3.044655   -3.090278
27   0.014446    1.622903  0.140707  -4.631765  -4.673214   0.024172   0.024106   -2.958515   -3.004505
28   0.014944    1.626866  0.141260  -4.574579  -4.616186   0.025428   0.025357   -2.873029   -2.919395
29   0.015442    1.630881  0.141819  -4.518333  -4.560100   0.026718   0.026641   -2.788116   -2.834864
30   0.015940    1.634948  0.142387  -4.462958  -4.504886   0.028043   0.027960   -2.703702   -2.750839
31   0.016438    1.639069  0.142962  -4.408387  -4.450479   0.029402   0.029313   -2.619718   -2.667252
32   0.016936    1.643243  0.143545  -4.354561  -4.396819   0.030797   0.030701   -2.536102   -2.584041
33   0.017434    1.647473  0.144136  -4.301427  -4.343853   0.032229   0.032126   -2.452797   -2.501149
34   0.017932    1.651757  0.144735  -4.248934  -4.291530   0.033698   0.033587   -2.369750   -2.418522
35   0.018430    1.656098  0.145343  -4.197036  -4.239806   0.035204   0.035085   -2.286912   -2.336113
36   0.018928    1.660495  0.145958  -4.145693  -4.188637   0.036748   0.036621   -2.204237   -2.253876
37   0.019426    1.664949  0.146582  -4.094863  -4.137985   0.038331   0.038196   -2.121684   -2.171769
38   0.019924    1.669462  0.147214  -4.044513  -4.087814   0.039954   0.039809   -2.039213   -2.089752
39   0.020422    1.674033  0.147855  -3.994608  -4.038091   0.041616   0.041463   -1.956788   -2.007791
40   0.020920    1.678665  0.148505  -3.945117  -3.988785   0.043320   0.043157   -1.874373   -1.925849
41   0.021418    1.683356  0.149163  -3.896011  -3.939866   0.045065   0.044891   -1.791936   -1.843895
42   0.021916    1.688108  0.149831  -3.847262  -3.891307   0.046852   0.046668   -1.709447   -1.761899
43   0.022414    1.692923  0.150507  -3.798847  -3.843084   0.048683   0.048487   -1.626878   -1.679833
44   0.022912    1.697800  0.151192  -3.750740  -3.795172   0.050556   0.050349   -1.544200   -1.597668
45   0.023410    1.702740  0.151887  -3.702920  -3.747550   0.052474   0.052255   -1.461388   -1.515380
46   0.023908    1.707745  0.152591  -3.655365  -3.700196   0.054437   0.054205   -1.378418   -1.432945
47   0.024406    1.712815  0.153305  -3.608056  -3.653090   0.056446   0.056201   -1.295266   -1.350339
48   0.024904    1.717951  0.154028  -3.560975  -3.606215   0.058501   0.058242   -1.211910   -1.267541
49   0.025402    1.723154  0.154761  -3.514103  -3.559553   0.060603   0.060330   -1.128328   -1.184529
50   0.025900    1.728428  0.155504  -3.467425  -3.513086   0.062754   0.062466   -1.044501   -1.101284
51   0.026398    1.733767  0.156257  -3.420923  -3.466800   0.064953   0.064649   -0.960409   -1.017787
52   0.026896    1.739173  0.157020  -3.374584  -3.420680   0.067201   0.066881   -0.876033   -0.934018
53   0.027394    1.744652  0.157793  -3.328393  -3.374711   0.069500   0.069163   -0.791356   -0.849962
54   0.027892    1.750203  0.158577  -3.282337  -3.328880   0.071849   0.071495   -0.706359   -0.765600
55   0.028390    1.755827  0.159371  -3.236403  -3.283174   0.074251   0.073878   -0.621027   -0.680916
56   0.028888    1.761523  0.160177  -3.190579  -3.237582   0.076704   0.076313   -0.535343   -0.595896
57   0.029386    1.767294  0.160992  -3.144852  -3.192090   0.079212   0.078801   -0.449292   -0.510522
58   0.029884    1.773141  0.161819  -3.099213  -3.146690   0.081773   0.081341   -0.362858   -0.424782
59   0.030382    1.779064  0.162657  -3.053649  -3.101369   0.084390   0.083937   -0.276027   -0.338661
60   0.030880    1.785065  0.163507  -3.008152  -3.056118   0.087062   0.086587   -0.188785   -0.252144
61   0.031378    1.791144  0.164367  -2.962710  -3.010927   0.089791   0.089293   -0.101118   -0.165219
62   0.031876    1.797304  0.165240  -2.917316  -2.965786   0.092578   0.092055   -0.013012   -0.077873
63   0.032374    1.803544  0.166124  -2.871959  -2.920688   0.095423   0.094875    0.075546    0.009907
64   0.032872    1.809867  0.167020  -2.826632  -2.875623   0.098327   0.097753    0.164568    0.098133
65   0.033370    1.816273  0.167928  -2.781325  -2.830582   0.101291   0.100691    0.254067    0.186818
66   0.033868    1.822763  0.168849  -2.736031  -2.785559   0.104316   0.103688    0.344056    0.275972
67   0.034366    1.829340  0.169781  -2.690743  -2.740545   0.107404   0.106746    0.434545    0.365607
68   0.034864    1.836005  0.170727  -2.645451  -2.695534   0.110554   0.109866    0.525548    0.455735
69   0.035362    1.842758  0.171685  -2.600151  -2.650517   0.113768   0.113048    0.617075    0.546366
70   0.035860    1.849602  0.172657  -2.554833  -2.605489   0.117046   0.116294    0.709137    0.637511
71   0.036358    1.856537  0.173642  -2.509493  -2.560442   0.120390   0.119604    0.801747    0.729180
72   0.036856    1.863566  0.174640  -2.464122  -2.515370   0.123801   0.122979    0.894914    0.821383
73   0.037354    1.870690  0.175652  -2.418716  -2.470267   0.127279   0.126421    0.988650    0.914131
74   0.037852    1.877911  0.176678  -2.373267  -2.425127   0.130825   0.129929    1.082964    1.007433
75   0.038350    1.885230  0.177718  -2.327770  -2.379944   0.134441   0.133506    1.177868    1.101300
76   0.038848    1.892650  0.178772  -2.282219  -2.334713   0.138128   0.137151    1.273373    1.195739
77   0.039346    1.900173  0.179841  -2.236609  -2.289427   0.141885   0.140866    1.369486    1.290762
78   0.039844    1.907800  0.180925  -2.190933  -2.244082   0.145716   0.144652    1.466220    1.386377
79   0.040342    1.915533  0.182024  -2.145187  -2.198673   0.149619   0.148510    1.563584    1.482592
80   0.040840    1.923375  0.183139  -2.099366  -2.153194   0.153597   0.152440    1.661588    1.579418
81   0.041338    1.931329  0.184270  -2.053464  -2.107641   0.157651   0.156444    1.760241    1.676862
82   0.041836    1.939395  0.185416  -2.007477  -2.062009   0.161781   0.160522    1.859553    1.774934
83   0.042334    1.947581  0.186580  -1.961399  -2.016293   0.165989   0.164676    1.959534    1.873641
84   0.042832    1.955883  0.187760  -1.915226  -1.970488   0.170275   0.168907    2.060193    1.972993
85   0.043330    1.964307  0.188957  -1.868954  -1.924591   0.174641   0.173215    2.161540    2.072997
86   0.043828    1.972856  0.190172  -1.822578  -1.878597   0.179088   0.177602    2.263583    2.173662
87   0.044326    1.981538  0.191405  -1.776094  -1.832501   0.183617   0.182069    2.366333    2.274995
88   0.044824    1.990348  0.192657  -1.729497  -1.786300   0.188229   0.186616    2.469798    2.377004
89   0.045322    1.999294  0.193928  -1.682783  -1.739990   0.192925   0.191245    2.573987    2.479699
90   0.045820    2.008380  0.195218  -1.635949  -1.693567   0.197707   0.195956    2.678910    2.583085
91   0.046318    2.017607  0.196528  -1.588989  -1.647026   0.202575   0.200751    2.784575    2.687171
92   0.046816    2.026985  0.197859  -1.541900  -1.600365   0.207530   0.205631    2.890992    2.791963
93   0.047314    2.036517  0.199211  -1.494679  -1.553579   0.212575   0.210597    2.998169    2.897471
94   0.047812    2.046206  0.200585  -1.447321  -1.506665   0.217709   0.215650    3.106116    3.003699
95   0.048310    2.056059  0.201982  -1.399822  -1.459620   0.222934   0.220790    3.214841    3.110657
96   0.048808    2.066078  0.203402  -1.352180  -1.412440   0.228252   0.226020    3.324354    3.218350
97   0.049306    2.076276  0.204846  -1.304390  -1.365121   0.233664   0.231339    3.434662    3.326785
98   0.049804    2.086654  0.206316  -1.256448  -1.317660   0.239170   0.236750    3.545775    3.435970
99   0.050302    2.097222  0.207811  -1.208352  -1.270055   0.244772   0.242253    3.657702    3.545911
100  0.050800    2.107986  0.209333  -1.160097  -1.222301   0.250472   0.247849    3.770452    3.656613
101  0.051298    2.118955  0.210883  -1.111681  -1.174396   0.256270   0.253539    3.884032    3.768084
102  0.051796    2.130138  0.212462  -1.063099  -1.126337   0.262168   0.259325    3.998453    3.880330
103  0.052294    2.141544  0.214072  -1.014350  -1.078121   0.268167   0.265208    4.113722    3.993356
104  0.052792    2.153184  0.215713  -0.965428  -1.029744   0.274269   0.271188    4.229848    4.107168
105  0.053290    2.165068  0.217387  -0.916332  -0.981204   0.280474   0.277267    4.346840    4.221772
106  0.053788    2.177209  0.219096  -0.867057  -0.932498   0.286785   0.283445    4.464707    4.337173
107  0.054286    2.189620  0.220841  -0.817602  -0.883624   0.293202   0.289724    4.583458    4.453376
108  0.054784    2.202315  0.222624  -0.767962  -0.834578   0.299727   0.296106    4.703101    4.570385
109  0.055282    2.215310  0.224447  -0.718134  -0.785358   0.306361   0.302590    4.823644    4.688206
110  0.055780    2.228622  0.226312  -0.668116  -0.735962   0.313105   0.309178    4.945097    4.806841
111  0.056278    2.242269  0.228222  -0.617904  -0.686386   0.319961   0.315870    5.067468    4.926296
112  0.056776    2.256272  0.230179  -0.567496  -0.636628   0.326931   0.322669    5.190766    5.046573
113  0.057274    2.270651  0.232185  -0.516888  -0.586687   0.334016   0.329575    5.314999    5.167675
114  0.057772    2.285437  0.234246  -0.466078  -0.536559   0.341216   0.336589    5.440177    5.289604
115  0.058270    2.300652  0.236362  -0.415062  -0.486242   0.348534   0.343712    5.566307    5.412362
116  0.058768    2.316324  0.238539  -0.363839  -0.435734   0.355972   0.350944    5.693399    5.535951
117  0.059266    2.332495  0.240780  -0.312403  -0.385033   0.363530   0.358287    5.821462    5.660370
118  0.059764    2.349195  0.243090  -0.260754  -0.334137   0.371210   0.365741    5.950503    5.785619
119  0.060262    2.366473  0.245475  -0.208888  -0.283043   0.379013   0.373307    6.080532    5.911696
120  0.060760    2.384374  0.247941  -0.156803  -0.231751   0.386942   0.380986    6.211558    6.038598
121  0.061258    2.402948  0.250493  -0.104495  -0.180257   0.394997   0.388779    6.343590    6.166321
122  0.061756    2.422260  0.253140  -0.051962  -0.128560   0.403180   0.396685    6.476635    6.294860
123  0.062254    2.442381  0.255889   0.000799  -0.076660   0.411493   0.404705    6.610703    6.424206
124  0.062752    2.463389  0.258752   0.053791  -0.024553   0.419937   0.412839    6.745803    6.554349
125  0.063250    2.485379  0.261739   0.107016   0.027761   0.428514   0.421088    6.881943    6.685277
126  0.063748    2.508457  0.264863   0.160476   0.080284   0.437226   0.429450    7.019133    6.816973
127  0.064246    2.532750  0.268139   0.214176   0.133016   0.446073   0.437927    7.157380    6.949417
128  0.064744    2.558408  0.271585   0.268117   0.185958   0.455058   0.446515    7.296695    7.082583
129  0.065242    2.585605  0.275222   0.322302   0.239111   0.464183   0.455215    7.437086    7.216440
130  0.065740    2.614557  0.279075   0.376734   0.292476   0.473448   0.464024    7.578562    7.350948
131  0.066238    2.645523  0.283174   0.431415   0.346051   0.482856   0.472940    7.721131    7.486057
132  0.066736    2.678813  0.287555   0.486348   0.399837   0.492409   0.481959    7.864803    7.621706
133  0.067234    2.714817  0.292263   0.541536   0.453833   0.502107   0.491076    8.009587    7.757814
134  0.067732    2.754023  0.297352   0.596980   0.508037   0.511953   0.500285    8.155492    7.894280
135  0.068230    2.797036  0.302891   0.652685   0.562447   0.521949   0.509578    8.302526    8.030974
136  0.068728    2.844641  0.308965   0.708651   0.617059   0.532095   0.518942    8.450699    8.167725
137  0.069226    2.897816  0.315678   0.764882   0.671869   0.542395   0.528364    8.600019    8.304316
138  0.069724    2.957813  0.323161   0.821381   0.726870   0.552850   0.537822    8.750497    8.440459
139  0.070222    3.026162  0.331565   0.878150   0.782054   0.563461   0.547292    8.902141    8.575792
140  0.070720    3.104606  0.341049   0.935191   0.837409   0.574230   0.556741    9.054959    8.709883
141  0.071218    3.194807  0.351740   0.992507   0.892922   0.585159   0.566137    9.208962    8.842274
142  0.071716    3.297641  0.363645   1.050101   0.948577   0.596251   0.575453    9.364159    8.972629
143  0.072214    3.412235  0.376556   1.107975   1.004355   0.607506   0.584687    9.520558    9.100950
144  0.072712    3.535530  0.390029   1.166131   1.060243   0.618927   0.593874    9.678169    9.227720
145  0.073210    3.663331  0.403542   1.224572   1.116230   0.630516   0.603069    9.837001    9.353752
146  0.073708    3.792073  0.416697   1.283301   1.172312   0.642274   0.612330    9.997063    9.479821
147  0.074206    3.919769  0.429300   1.342320   1.228488   0.654203   0.621693   10.158366    9.606428
148  0.074704    4.045859  0.441321   1.401632   1.284762   0.666306   0.631176   10.320917    9.733793
149  0.075202    4.170684  0.452818   1.461239   1.341137   0.678584   0.640781   10.484727    9.861937
150  0.075700    4.295060  0.463887   1.521143   1.397615   0.691040   0.650502   10.649805    9.990766
151  0.076198    4.420067  0.474636   1.581347   1.454199   0.703674   0.660326   10.816160   10.120119
152  0.076696    4.546953  0.485174   1.641854   1.510889   0.716490   0.670238   10.983802   10.249786
153  0.077194    4.677157  0.495611   1.702665   1.567685   0.729489   0.680221   11.152741   10.379517
154  0.077692    4.812366  0.506064   1.763785   1.624583   0.742673   0.690248   11.322985   10.509005
155  0.078190    4.954661  0.516656   1.825214   1.681580   0.756045   0.700292   11.494544   10.637866
156  0.078688    5.106724  0.527533   1.886955   1.738668   0.769606   0.710312   11.667428   10.765606
157  0.079186    5.272203  0.538877   1.949012   1.795835   0.783358   0.720253   11.841647   10.891549
158  0.079684    5.456355  0.550929   2.011386   1.853067   0.797304   0.730039   12.017210   11.014738
159  0.080182    5.667214  0.564034   2.074079   1.910341   0.811446   0.739550   12.194127   11.133732
160  0.080680    5.917865  0.578716   2.137095   1.967624   0.825785   0.748599   12.372407   11.246245
161  0.081178    6.230706  0.595786   2.200436   2.024866   0.840324   0.756875   12.552061   11.348513
162  0.081676    6.642214  0.616340   2.264103   2.081987   0.855066   0.763904   12.733098   11.434839
163  0.082174    7.181408  0.640425   2.328101   2.138881   0.870011   0.769416   12.915528   11.502132
164  0.082672    7.777761  0.663877   2.392430   2.195468   0.885163   0.774579   13.099360   11.564770
165  0.083170    8.315102  0.682600   2.457095   2.251790   0.900524   0.780956   13.284605   11.641662
166  0.083668    8.773173  0.697025   2.522096   2.307948   0.916096   0.788678   13.471272   11.734234
167  0.084166    9.171879  0.708575   2.587437   2.364025   0.931880   0.797401   13.659371   11.838166
168  0.084664    9.529241  0.718217   2.653119   2.420079   0.947881   0.806849   13.848913   11.950097
169  0.085162    9.857286  0.726532   2.719146   2.476149   0.964099   0.816853   14.039907   12.067909
170  0.085660   10.163933  0.733879   2.785520   2.532266   0.980537   0.827304   14.232364   12.190263
171  0.086158   10.454583  0.740492   2.852244   2.588453   0.997197   0.838130   14.426293   12.316276
172  0.086656   10.733066  0.746532   2.919319   2.644727   1.014082   0.849282   14.621704   12.445339
173  0.087154   11.002210  0.752111   2.986749   2.701103   1.031194   0.860725   14.818608   12.577018
174  0.087652   11.264176  0.757313   3.054535   2.757593   1.048535   0.872435   15.017015   12.710992
175  0.088150   11.520682  0.762202   3.122680   2.814208   1.066109   0.884392   15.216935   12.847015
176  0.088648   11.773108  0.766826   3.191188   2.870956   1.083916   0.896581   15.418378   12.984897
177  0.089146   12.022641  0.771226   3.260059   2.927845   1.101960   0.908989   15.621354   13.124483
178  0.089644   12.270298  0.775433   3.329297   2.984882   1.120243   0.921609   15.825875   13.265644
179  0.090142   12.516947  0.779473   3.398905   3.042072   1.138768   0.934431   16.031949   13.408278
180  0.090640   12.763431  0.783369   3.468884   3.099422   1.157537   0.947448   16.239588   13.552290
181  0.091138   13.010469  0.787139   3.539237   3.156935   1.176552   0.960655   16.448801   13.697604
182  0.091636   13.258813  0.790801   3.609966   3.214617   1.195816   0.974047   16.659600   13.844144
183  0.092134   13.509147  0.794367   3.681075   3.272470   1.215332   0.987619   16.871995   13.991847
184  0.092632   13.762176  0.797851   3.752566   3.330498   1.235102   1.001366   17.085996   14.140648
185  0.093130   14.018615  0.801264   3.824440   3.388704   1.255129   1.015283   17.301614   14.290486
186  0.093628   14.279174  0.804617   3.896701   3.447090   1.275415   1.029366   17.518859   14.441306
187  0.094126   14.544665  0.807920   3.969351   3.505659   1.295964   1.043611   17.737742   14.593043
188  0.094624   14.815896  0.811182   4.042393   3.564413   1.316776   1.058012   17.958274   14.745637
189  0.095122   15.093773  0.814411   4.115829   3.623352   1.337856   1.072564   18.180465   14.899022
190  0.095620   15.379300  0.817616   4.189661   3.682478   1.359206   1.087261   18.404326   15.053126
191  0.096118   15.673558  0.820807   4.263893   3.741791   1.380829   1.102097   18.629868   15.207875
192  0.096616   15.977837  0.823991   4.338526   3.801292   1.402727   1.117063   18.857102   15.363180
193  0.097114   16.293508  0.827178   4.413564   3.860981   1.424903   1.132152   19.086038   15.518950
194  0.097612   16.622262  0.830377   4.489008   3.920856   1.447359   1.147352   19.316687   15.675071
195  0.098110   16.966001  0.833598   4.564861   3.980916   1.470100   1.162653   19.549060   15.831418
196  0.098608   17.326995  0.836852   4.641126   4.041160   1.493127   1.178039   19.783169   15.987845
197  0.099106   17.707974  0.840152   4.717806   4.101584   1.516442   1.193493   20.019024   16.144175
198  0.099604   18.112213  0.843511   4.794902   4.162185   1.540050   1.208995   20.256635   16.300201
199  0.100102   18.543703  0.846944   4.872418   4.222958   1.563953   1.224519   20.496015   16.455671
200  0.100600   19.007468  0.850471   4.950355   4.283896   1.588154   1.240034   20.737175   16.610274
201  0.101098   19.509812  0.854113   5.028717   4.344993   1.612655   1.255499   20.980124   16.763624
202  0.101596   20.058797  0.857896   5.107507   4.406239   1.637460   1.270864   21.224875   16.915236
203  0.102094   20.664913  0.861852   5.186726   4.467621   1.662572   1.286065   21.471439   17.064491
204  0.102592   21.342033  0.866019   5.266377   4.529125   1.687992   1.301017   21.719827   17.210587
205  0.103090   22.108656  0.870444   5.346462   4.590730   1.713726   1.315609   21.970049   17.352487
206  0.103588   22.989645  0.875183   5.426986   4.652413   1.739774   1.329700   22.222119   17.488843
207  0.104086   24.018063  0.880295   5.507949   4.714141   1.766141   1.343106   22.476046   17.617948
208  0.104584   25.235132  0.885829   5.589354   4.775874   1.792830   1.355614   22.731842   17.737834
209  0.105082   26.684736  0.891789   5.671205   4.837566   1.819843   1.367027   22.989519   17.846715
210  0.105580   28.392916  0.898061   5.753504   4.899162   1.847184   1.377299   23.249088   17.944237
211  0.106078   30.335032  0.904365   5.836252   4.960615   1.874855   1.386701   23.510561   18.033084
212  0.106576   32.423547  0.910328   5.919454   5.021899   1.902861   1.395835   23.773949   18.118986
213  0.107074   34.550598  0.915684   6.003111   5.083018   1.931203   1.405329   24.039263   18.207857
214  0.107572   36.639544  0.920356   6.087227   5.143997   1.959885   1.415562   24.306516   18.303202
215  0.108070   38.655928  0.924400   6.171803   5.204870   1.988911   1.426655   24.575718   18.406078
216  0.108568   40.592264  0.927915   6.256843   5.265674   2.018283   1.438585   24.846883   18.516216
217  0.109066   42.453363  0.930999   6.342349   5.326441   2.048006   1.451280   25.120020   18.632875
218  0.109564   44.247791  0.933732   6.428323   5.387198   2.078081   1.464659   25.395143   18.755268
219  0.110062   45.984774  0.936180   6.514769   5.447972   2.108512   1.478651   25.672262   18.882679
220  0.110560   47.672764  0.938391   6.601689   5.508782   2.139303   1.493193   25.951390   19.014510
221  0.111058   49.319172  0.940405   6.689085   5.569646   2.170457   1.508236   26.232538   19.150265
222  0.111556   50.930087  0.942252   6.776961   5.630581   2.201977   1.523740   26.515719   19.289551
223  0.112054   52.510698  0.943957   6.865319   5.691601   2.233867   1.539671   26.800944   19.432043
224  0.112552   54.065711  0.945538   6.954161   5.752718   2.266129   1.556003   27.088226   19.577466
225  0.113050   55.598562  0.947012   7.043491   5.813943   2.298768   1.572714   27.377576   19.725612
226  0.113548   57.112638  0.948392   7.133310   5.875287   2.331787   1.589786   27.669006   19.876291
227  0.114046   58.610518  0.949688   7.223623   5.936758   2.365189   1.607205   27.962529   20.029358
228  0.114544   60.094671  0.950909   7.314431   5.998365   2.398978   1.624957   28.258157   20.184681
229  0.115042   61.567096  0.952064   7.405737   6.060115   2.433157   1.643034   28.555901   20.342154
230  0.115540   63.029617  0.953158   7.497544   6.122017   2.467730   1.661427   28.855774   20.501684
231  0.116038   64.483671  0.954198   7.589854   6.184076   2.502700   1.680128   29.157789   20.663196
232  0.116536   65.930690  0.955188   7.682671   6.246299   2.538071   1.699133   29.461957   20.826623
233  0.117034   67.372048  0.956132   7.775996   6.308692   2.573846   1.718435   29.768291   20.991901
234  0.117532   68.808607  0.957034   7.869834   6.371260   2.610030   1.738031   30.076804   21.158988
235  0.118030   70.241448  0.957898   7.964185   6.434009   2.646625   1.757919   30.387507   21.327838
236  0.118528   71.671484  0.958726   8.059054   6.496944   2.683635   1.778094   30.700413   21.498411
237  0.119026   73.099369  0.959521   8.154443   6.560069   2.721064   1.798556   31.015534   21.670681
238  0.119524   74.525955  0.960286   8.250355   6.623389   2.758916   1.819302   31.332884   21.844614
239  0.120022   75.951800  0.961021   8.346792   6.686910   2.797195   1.840331   31.652474   22.020189
240  0.120520   77.377521  0.961730   8.443758   6.750634   2.835903   1.861642   31.974317   22.197384
241  0.121018   78.803947  0.962414   8.541254   6.814566   2.875045   1.883235   32.298427   22.376173
242  0.121516   80.231059  0.963074   8.639285   6.878710   2.914626   1.905109   32.624814   22.556554
243  0.122014   81.659711  0.963712   8.737851   6.943070   2.954647   1.927264   32.953493   22.738502
244  0.122512   83.090165  0.964329   8.836958   7.007649   2.995114   1.949700   33.284476   22.922009
245  0.123010   84.522888  0.964927   8.936606   7.072452   3.036031   1.972418   33.617776   23.107065
246  0.123508   85.958282  0.965505   9.036800   7.137481   3.077400   1.995417   33.953405   23.293659
247  0.124006   87.396543  0.966066   9.137541   7.202740   3.119227   2.018700   34.291377   23.481788
248  0.124504   88.838117  0.966611   9.238833   7.268233   3.161514   2.042265   34.631704   23.671442
249  0.125002   90.283327  0.967139   9.340678   7.333963   3.204266   2.066115   34.974399   23.862616
250  0.125500   91.732392  0.967653   9.443080   7.399933   3.247488   2.090250   35.319476   24.055308
251  0.125998   93.185594  0.968152   9.546041   7.466145   3.291182   2.114671   35.666947   24.249513
252  0.126496   94.643160  0.968637   9.649564   7.532604   3.335353   2.139380   36.016825   24.445231
253  0.126994   96.105454  0.969109   9.753652   7.599312   3.380005   2.164377   36.369123   24.642457
254  0.127492   97.572527  0.969569   9.858307   7.666273   3.425142   2.189665   36.723855   24.841194
255  0.127990   99.044856  0.970017   9.963533   7.733488   3.470769   2.215244   37.081034   25.041436
256  0.128488  100.522286  0.970453  10.069333   7.800962   3.516889   2.241117   37.440673   25.243190
257  0.128986  102.005210  0.970878  10.175708   7.868696   3.563506   2.267285   37.802785   25.446454
258  0.129484  103.493857  0.971293  10.282663   7.936694   3.610625   2.293749   38.167384   25.651229
259  0.129982  104.988354  0.971698  10.390201   8.004958   3.658250   2.320511   38.534482   25.857515
260  0.130480  106.488858  0.972093  10.498323   8.073492   3.706385   2.347573   38.904093   26.065317
261  0.130978  107.995523  0.972478  10.607033   8.142297   3.755034   2.374938   39.276231   26.274637
262  0.131476  109.508516  0.972855  10.716334   8.211377   3.804202   2.402606   39.650910   26.485477
263  0.131974  111.028011  0.973223  10.826228   8.280734   3.853893   2.430579   40.028141   26.697841
264  0.132472  112.554183  0.973583  10.936720   8.350371   3.904111   2.458860   40.407940   26.911730
265  0.132970  114.086997  0.973935  11.047811   8.420290   3.954861   2.487452   40.790319   27.127153
266  0.133468  115.626857  0.974279  11.159504   8.490494   4.006147   2.516354   41.175293   27.344108
267  0.133966  117.173823  0.974616  11.271804   8.560985   4.057974   2.545570   41.562874   27.562601
268  0.134464  118.727727  0.974945  11.384711   8.631766   4.110345   2.575103   41.953077   27.782642
269  0.134962  120.288975  0.975267  11.498230   8.702840   4.163265   2.604954   42.345915   28.004230
270  0.135460  121.857751  0.975583  11.612364   8.774209   4.216740   2.635125   42.741402   28.227369
271  0.135958  123.433872  0.975892  11.727114   8.845874   4.270772   2.665619   43.139552   28.452069
272  0.136456  125.017523  0.976195  11.842486   8.917840   4.325368   2.696438   43.540379   28.678335
273  0.136954  126.609452  0.976492  11.958480   8.990108   4.380531   2.727583   43.943896   28.906161
274  0.137452  128.208751  0.976783  12.075101   9.062681   4.436266   2.759059   44.350118   29.135570
275  0.137950  129.816131  0.977068  12.192351   9.135560   4.492577   2.790866   44.759058   29.366558
276  0.138448  131.431619  0.977348  12.310234   9.208750   4.549470   2.823007   45.170731   29.599131
277  0.138946  133.055271  0.977622  12.428752   9.282250   4.606949   2.855486   45.585150   29.833296
278  0.139444  134.686871  0.977891  12.547908   9.356065   4.665018   2.888304   46.002329   30.069065
279  0.139942  136.327055  0.978156  12.667706   9.430197   4.723683   2.921463   46.422283   30.306436
280  0.140440  137.975752  0.978415  12.788148   9.504647   4.782948   2.954966   46.845026   30.545416
281  0.140938  139.632838  0.978669  12.909238   9.579419   4.842818   2.988816   47.270572   30.786017
282  0.141436  141.298652  0.978919  13.030979   9.654514   4.903297   3.023015   47.698935   31.028241
283  0.141934  142.973048  0.979164  13.153373   9.729935   4.964391   3.057566   48.130129   31.272099
284  0.142432  144.656304  0.979405  13.276424   9.805683   5.026104   3.092471   48.564170   31.517593
285  0.142930  146.348491  0.979641  13.400135   9.881763   5.088442   3.127733   49.001070   31.764732
286  0.143428  148.049407  0.979873  13.524508   9.958174   5.151408   3.163355   49.440845   32.013527
287  0.143926  149.759435  0.980102  13.649548  10.034921   5.215009   3.199340   49.883509   32.263980
288  0.144424  151.478833  0.980326  13.775256  10.112005   5.279249   3.235688   50.329077   32.516096
289  0.144922  153.207285  0.980546  13.901637  10.189429   5.344133   3.272405   50.777562   32.769888
290  0.145420  154.945122  0.980763  14.028693  10.267194   5.409666   3.309492   51.228980   33.025360
291  0.145918  156.692014  0.980976  14.156428  10.345303   5.475853   3.346953   51.683345   33.282525
292  0.146416  158.448783  0.981186  14.284844  10.423758   5.542699   3.384790   52.140671   33.541379
293  0.146914  160.214662  0.981392  14.413944  10.502562   5.610209   3.423005   52.600974   33.801943
294  0.147412  161.990136  0.981595  14.543733  10.581717   5.678389   3.461602   53.064268   34.064218
295  0.147910  163.775449  0.981794  14.674212  10.661224   5.747244   3.500584   53.530568   34.328209
296  0.148408  165.570529  0.981990  14.805386  10.741087   5.816778   3.539952   53.999889   34.593927
297  0.148906  167.375005  0.982183  14.937256  10.821307   5.886997   3.579712   54.472245   34.861384
298  0.149404  169.189814  0.982373  15.069828  10.901886   5.957906   3.619863   54.947651   35.130578
299  0.149902  171.014439  0.982560  15.203103  10.982828   6.029511   3.660411   55.426122   35.401524
300  0.150400  172.848935  0.982744  15.337084  11.064133   6.101817   3.701359   55.907674   35.674230
301  0.150898  174.693659  0.982925  15.471776  11.145805   6.174828   3.742707   56.392320   35.948701
302  0.151396  176.548470  0.983104  15.607181  11.227845   6.248551   3.784461   56.880077   36.224947
303  0.151894  178.413724  0.983279  15.743302  11.310256   6.322991   3.826622   57.370959   36.502972
304  0.152392  180.288787  0.983452  15.880143  11.393040   6.398154   3.869196   57.864982   36.782795
305  0.152890  182.174588  0.983623  16.017707  11.476198   6.474043   3.912182   58.362159   37.064411
306  0.153388  184.070624  0.983790  16.155996  11.559734   6.550666   3.955586   58.862508   37.347837
307  0.153886  185.977489  0.983956  16.295015  11.643650   6.628028   3.999409   59.366042   37.633075
308  0.154384  187.894365  0.984119  16.434767  11.727947   6.706134   4.043656   59.872778   37.920143
309  0.154882  189.822060  0.984279  16.575254  11.812628   6.784989   4.088329   60.382729   38.209041
310  0.155380  191.760584  0.984437  16.716481  11.897695   6.864600   4.133432   60.895913   38.499778
311  0.155878  193.709742  0.984593  16.858450  11.983151   6.944972   4.178967   61.412344   38.792365
312  0.156376  195.669896  0.984746  17.001164  12.068997   7.026110   4.224937   61.932037   39.086809
313  0.156874  197.640631  0.984898  17.144627  12.155235   7.108021   4.271348   62.455008   39.383122
314  0.157372  199.622653  0.985047  17.288843  12.241868   7.190709   4.318199   62.981273   39.681306
315  0.157870  201.615311  0.985194  17.433814  12.328899   7.274181   4.365497   63.510847   39.981378
316  0.158368  203.619147  0.985339  17.579543  12.416328   7.358443   4.413243   64.043746   40.283341
317  0.158866  205.634182  0.985482  17.726035  12.504159   7.443500   4.461441   64.579984   40.587205
318  0.159364  207.660343  0.985623  17.873292  12.592394   7.529357   4.510094   65.119579   40.892979
319  0.159862  209.697943  0.985762  18.021318  12.681034   7.616022   4.559206   65.662546   41.200669
320  0.160360  211.746516  0.985899  18.170116  12.770083   7.703499   4.608780   66.208899   41.510291
321  0.160858  213.806721  0.986034  18.319689  12.859541   7.791795   4.658818   66.758656   41.821846
322  0.161356  215.878351  0.986168  18.470041  12.949412   7.880916   4.709326   67.311832   42.135347
323  0.161854  217.961138  0.986299  18.621176  13.039697   7.970867   4.760306   67.868442   42.450806
324  0.162352  220.055842  0.986429  18.773095  13.130400   8.061655   4.811760   68.428504   42.768224
325  0.162850  222.162182  0.986557  18.925804  13.221521   8.153285   4.863693   68.992031   43.087614
326  0.163348  224.280191  0.986684  19.079304  13.313063   8.245764   4.916109   69.559042   43.408985
327  0.163846  226.409898  0.986808  19.233600  13.405029   8.339098   4.969010   70.129551   43.732347
328  0.164344  228.551440  0.986931  19.388696  13.497420   8.433293   5.022400   70.703575   44.057708
329  0.164842  230.704937  0.987053  19.544593  13.590239   8.528354   5.076283   71.281130   44.385077
330  0.165340  232.870049  0.987173  19.701297  13.683488   8.624289   5.130662   71.862231   44.714467
331  0.165838  235.047350  0.987291  19.858809  13.777169   8.721103   5.185541   72.446896   45.045881
332  0.166336  237.236751  0.987408  20.017135  13.871284   8.818803   5.240923   73.035140   45.379331
333  0.166834  239.438204  0.987523  20.176276  13.965836   8.917395   5.296811   73.626979   45.714827
334  0.167332  241.651703  0.987637  20.336237  14.060826   9.016885   5.353211   74.222431   46.052379
335  0.167830  243.877547  0.987749  20.497021  14.156258   9.117279   5.410124   74.821510   46.391994
336  0.168328  246.115724  0.987860  20.658631  14.252133   9.218585   5.467554   75.424235   46.733681
337  0.168826  248.366154  0.987970  20.821071  14.348453   9.320807   5.525506   76.030620   47.077452
338  0.169324  250.628802  0.988078  20.984344  14.445220   9.423954   5.583983   76.640682   47.423317
339  0.169822  252.904344  0.988185  21.148454  14.542438   9.528030   5.642988   77.254439   47.771279
340  0.170320  255.192035  0.988290  21.313405  14.640107   9.633044   5.702526   77.871906   48.121356
341  0.170818  257.492511  0.988394  21.479199  14.738231   9.739000   5.762600   78.493100   48.473552
342  0.171316  259.805441  0.988497  21.645841  14.836811   9.845907   5.823214   79.118038   48.827879
343  0.171814  262.131705  0.988599  21.813333  14.935849   9.953770   5.884370   79.746736   49.184339
344  0.172312  264.469916  0.988699  21.981680  15.035349  10.062595   5.946075   80.379211   49.542957
345  0.172810  266.821321  0.988799  22.150885  15.135311  10.172391   6.008330   81.015480   49.903730
346  0.173308  269.185604  0.988897  22.320951  15.235739  10.283162   6.071141   81.655559   50.266671
347  0.173806  271.562731  0.988994  22.491882  15.336634  10.394917   6.134510   82.299466   50.631791
348  0.174304  273.952812  0.989089  22.663681  15.438000  10.507661   6.198442   82.947217   50.999099
349  0.174802  276.356126  0.989184  22.836352  15.539837  10.621402   6.262940   83.598829   51.368602
350  0.175300  278.772202  0.989277  23.009899  15.642148  10.736147   6.328009   84.254319   51.740317
351  0.175798  281.202032  0.989369  23.184325  15.744936  10.851901   6.393651   84.913704   52.114242
352  0.176296  283.644695  0.989461  23.359634  15.848203  10.968673   6.459873   85.577001   52.490398
353  0.176794  286.100345  0.989551  23.535829  15.951950  11.086469   6.526676   86.244227   52.868794
354  0.177292  288.569904  0.989640  23.712914  16.056181  11.205295   6.594066   86.915400   53.249430
355  0.177790  291.053311  0.989728  23.890892  16.160897  11.325160   6.662044   87.590535   53.632319
356  0.178288  293.549024  0.989815  24.069768  16.266101  11.446069   6.730619   88.269652   54.017485
357  0.178786  296.058634  0.989901  24.249544  16.371795  11.568030   6.799791   88.952765   54.404923
358  0.179284  298.582183  0.989986  24.430224  16.477981  11.691050   6.869565   89.639894   54.794644
359  0.179782  301.119128  0.990070  24.611813  16.584661  11.815137   6.939945   90.331055   55.186663
360  0.180280  303.670001  0.990153  24.794313  16.691838  11.940296   7.010936   91.026266   55.580987
361  0.180778  306.234548  0.990236  24.977728  16.799514  12.066536   7.082541   91.725543   55.977627
362  0.181276  308.812859  0.990317  25.162063  16.907692  12.193864   7.154765   92.428905   56.376593
363  0.181774  311.405026  0.990397  25.347320  17.016372  12.322287   7.227611   93.136369   56.777896
364  0.182272  314.011291  0.990477  25.533503  17.125559  12.451811   7.301085   93.847952   57.181544
365  0.182770  316.631016  0.990555  25.720616  17.235253  12.582445   7.375190   94.563672   57.587552
366  0.183268  319.265752  0.990633  25.908662  17.345458  12.714196   7.449929   95.283546   57.995920
367  0.183766  321.913876  0.990710  26.097646  17.456176  12.847071   7.525308   96.007592   58.406670
368  0.184264  324.576289  0.990786  26.287571  17.567408  12.981078   7.601332   96.735828   58.819805
369  0.184762  327.252818  0.990861  26.478440  17.679158  13.116223   7.678003   97.468271   59.235339
370  0.185260  329.943856  0.990935  26.670258  17.791427  13.252515   7.755327   98.204940   59.653279
371  0.185758  332.649124  0.991009  26.863028  17.904217  13.389961   7.833307   98.945851   60.073637
372  0.186256  335.369708  0.991081  27.056754  18.017532  13.528568   7.911947   99.691023   60.496416
373  0.186754  338.103471  0.991153  27.251440  18.131373  13.668345   7.991254  100.440474   60.921643
374  0.187252  340.852125  0.991224  27.447089  18.245743  13.809298   8.071230  101.194221   61.349316
375  0.187750  343.615799  0.991295  27.643705  18.360643  13.951436   8.151880  101.952283   61.779445
376  0.188248  346.393941  0.991364  27.841292  18.476077  14.094765   8.233208  102.714677   62.212044
377  0.188746  349.186352  0.991433  28.039853  18.592046  14.239294   8.315220  103.481421   62.647126
378  0.189244  351.994145  0.991501  28.239393  18.708553  14.385031   8.397918  104.252534   63.084695
379  0.189742  354.816076  0.991569  28.439915  18.825601  14.531983   8.481310  105.028033   63.524769
380  0.190240  357.653274  0.991635  28.641423  18.943191  14.680158   8.565396  105.807937   63.967351
381  0.190738  360.505558  0.991701  28.843921  19.061325  14.829563   8.650184  106.592264   64.412454
382  0.191236  363.373441  0.991767  29.047412  19.180007  14.980208   8.735675  107.381032   64.860085
383  0.191734  366.255472  0.991831  29.251901  19.299238  15.132099   8.821878  108.174259   65.310265
384  0.192232  369.152848  0.991895  29.457391  19.419021  15.285245   8.908795  108.971964   65.762998
385  0.192730  372.065476  0.991959  29.663887  19.539358  15.439654   8.996431  109.774164   66.218293
386  0.193228  374.993846  0.992021  29.871391  19.660252  15.595333   9.084790  110.580879   66.676161
387  0.193726  377.935978  0.992083  30.079908  19.781704  15.752291   9.173879  111.392127   67.136624
388  0.194224  380.894669  0.992144  30.289441  19.903717  15.910536   9.263700  112.207926   67.599674
389  0.194722  383.869339  0.992205  30.499995  20.026294  16.070076   9.354257  113.028295   68.065328
390  0.195220  386.858049  0.992265  30.711573  20.149437  16.230918   9.445558  113.853252   68.533609
391  0.195718  389.863708  0.992325  30.924180  20.273148  16.393073   9.537605  114.682816   69.004509
392  0.196216  392.883592  0.992384  31.137818  20.397430  16.556546   9.630404  115.517005   69.478057
393  0.196714  395.919667  0.992442  31.352493  20.522284  16.721348   9.723960  116.355838   69.954251
394  0.197212  398.972391  0.992500  31.568208  20.647714  16.887486   9.818276  117.199334   70.433100
395  0.197710  402.039721  0.992557  31.784966  20.773721  17.054968   9.913359  118.047512   70.914628
396  0.198208  405.123615  0.992613  32.002772  20.900308  17.223803  10.009212  118.900389   71.398834
397  0.198706  408.222916  0.992669  32.221630  21.027478  17.393999  10.105841  119.757986   71.885736
398  0.199204  411.338262  0.992724  32.441543  21.155233  17.565565  10.203251  120.620321   72.375342
399  0.199702  414.470119  0.992779  32.662516  21.283574  17.738510  10.301445  121.487413   72.867660
400  0.200200  417.617444  0.992834  32.884553  21.412506  17.912841  10.400431  122.359281   73.362708
401  0.200698  420.780849  0.992887  33.107657  21.542029  18.088567  10.500211  123.235943   73.860493
402  0.201196  423.961591  0.992941  33.331832  21.672146  18.265697  10.600791  124.117419   74.361020
403  0.201694  427.158044  0.992993  33.557083  21.802860  18.444240  10.702176  125.003728   74.864309
404  0.202192  430.370202  0.993045  33.783413  21.934174  18.624204  10.804372  125.894889   75.370372
405  0.202690  433.600139  0.993097  34.010826  22.066088  18.805597  10.907381  126.790921   75.879208
406  0.203188  436.844105  0.993148  34.239327  22.198607  18.988430  11.011214  127.691843   76.390851
407  0.203686  440.107242  0.993199  34.468919  22.331732  19.172710  11.115868  128.597675   76.905282
408  0.204184  443.385901  0.993249  34.699607  22.465466  19.358446  11.221354  129.508436   77.422533
409  0.204682  446.680900  0.993299  34.931393  22.599811  19.545647  11.327675  130.424144   77.942612
410  0.205180  449.992740  0.993348  35.164284  22.734770  19.734323  11.434837  131.344820   78.465528
411  0.205678  453.321860  0.993397  35.398281  22.870344  19.924481  11.542844  132.270483   78.991288
412  0.206176  456.667758  0.993445  35.633391  23.006537  20.116131  11.651701  133.201152   79.519909
413  0.206674  460.029569  0.993493  35.869616  23.143351  20.309282  11.761415  134.136847   80.051406
414  0.207172  463.408896  0.993540  36.106960  23.280789  20.503943  11.871990  135.077587   80.585782
415  0.207670  466.805300  0.993587  36.345428  23.418852  20.700123  11.983431  136.023391   81.123050
416  0.208168  470.219039  0.993634  36.585024  23.557543  20.897831  12.095743  136.974280   81.663222
417  0.208666  473.649815  0.993680  36.825751  23.696865  21.097076  12.208932  137.930272   82.206311
418  0.209164  477.097496  0.993725  37.067615  23.836820  21.297868  12.323003  138.891388   82.752328
419  0.209662  480.562994  0.993770  37.310619  23.977410  21.500215  12.437962  139.857648   83.301282
420  0.210160  484.044879  0.993815  37.554766  24.118639  21.704128  12.553814  140.829070   83.853191
421  0.210658  487.544645  0.993859  37.800062  24.260508  21.909614  12.670563  141.805675   84.408059
422  0.211156  491.061521  0.993903  38.046511  24.403020  22.116685  12.788216  142.787483   84.965902
423  0.211654  494.596665  0.993947  38.294116  24.546177  22.325348  12.906777  143.774513   85.526726
424  0.212152  498.149385  0.993990  38.542881  24.689982  22.535614  13.026252  144.766785   86.090546
425  0.212650  501.718904  0.994032  38.792811  24.834438  22.747491  13.146648  145.764320   86.657378
426  0.213148  505.308051  0.994075  39.043911  24.979547  22.960990  13.267967  146.767137   87.227220
427  0.213646  508.912770  0.994117  39.296183  25.125310  23.176120  13.390219  147.775257   87.800104
428  0.214144  512.535248  0.994158  39.549632  25.271732  23.392890  13.513407  148.788698   88.376031
429  0.214642  516.177161  0.994199  39.804263  25.418814  23.611311  13.637535  149.807482   88.955004
430  0.215140  519.836808  0.994240  40.060080  25.566559  23.831391  13.762610  150.831629   89.537044
431  0.215638  523.513710  0.994280  40.317087  25.714969  24.053141  13.888639  151.861159   90.122166
432  0.216136  527.209396  0.994320  40.575287  25.864047  24.276569  14.015625  152.896091   90.710373
433  0.216634  530.922184  0.994360  40.834686  26.013795  24.501687  14.143577  153.936447   91.301687
434  0.217132  534.654111  0.994399  41.095287  26.164217  24.728503  14.272497  154.982246   91.896108
435  0.217630  538.404173  0.994438  41.357095  26.315313  24.957028  14.402393  156.033510   92.493655
436  0.218128  542.172159  0.994477  41.620114  26.467088  25.187271  14.533269  157.090257   93.094340
437  0.218626  545.959460  0.994515  41.884348  26.619542  25.419243  14.665132  158.152510   93.698169
438  0.219124  549.764455  0.994553  42.149801  26.772680  25.652953  14.797988  159.220287   94.305162
439  0.219622  553.588278  0.994591  42.416478  26.926503  25.888412  14.931841  160.293610   94.915325
440  0.220120  557.429415  0.994628  42.684383  27.081015  26.125628  15.066700  161.372500   95.528678
441  0.220618  561.291809  0.994665  42.953520  27.236217  26.364614  15.202565  162.456976   96.145214
442  0.221116  565.170685  0.994701  43.223893  27.392112  26.605377  15.339449  163.547060   96.764969
443  0.221614  569.069749  0.994738  43.495508  27.548702  26.847930  15.477352  164.642771   97.387936
444  0.222112  572.987025  0.994773  43.768367  27.705991  27.092281  15.616283  165.744132   98.014138
445  0.222610  576.922572  0.994809  44.042476  27.863980  27.338442  15.756248  166.851162   98.643587
446  0.223108  580.879503  0.994844  44.317838  28.022673  27.586422  15.897250  167.963883   99.276279
447  0.223606  584.853900  0.994879  44.594459  28.182072  27.836232  16.039298  169.082315   99.912247
448  0.224104  588.846366  0.994914  44.872341  28.342179  28.087881  16.182398  170.206478  100.551500
449  0.224602  592.858406  0.994948  45.151491  28.502998  28.341382  16.326554  171.336395  101.194042
450  0.225100  596.890832  0.994982  45.431911  28.664529  28.596743  16.471772  172.472086  101.839883
451  0.225598  600.942249  0.995016  45.713607  28.826777  28.853976  16.618059  173.613571  102.489041
452  0.226096  605.012623  0.995050  45.996582  28.989744  29.113091  16.765422  174.760872  103.141530
453  0.226594  609.102556  0.995083  46.280842  29.153432  29.374098  16.913866  175.914011  103.797358
454  0.227092  613.212474  0.995116  46.566390  29.317844  29.637009  17.063396  177.073007  104.456537
455  0.227590  617.341245  0.995148  46.853231  29.482983  29.901833  17.214020  178.237883  105.119084
456  0.228088  621.489419  0.995181  47.141369  29.648851  30.168582  17.365744  179.408659  105.785009
457  0.228586  625.658722  0.995213  47.430808  29.815450  30.437266  17.518572  180.585356  106.454316
458  0.229084  629.846254  0.995244  47.721554  29.982784  30.707895  17.672513  181.767997  107.127033
459  0.229582  634.054634  0.995276  48.013610  30.150855  30.980482  17.827571  182.956602  107.803159
460  0.230080  638.282741  0.995307  48.306981  30.319666  31.255036  17.983754  184.151192  108.482711
461  0.230578  642.530902  0.995338  48.601672  30.489218  31.531569  18.141066  185.351790  109.165703
462  0.231076  646.798403  0.995369  48.897686  30.659516  31.810091  18.299517  186.558415  109.852148
463  0.231574  651.086473  0.995399  49.195028  30.830561  32.090613  18.459109  187.771091  110.542055
464  0.232072  655.394238  0.995430  49.493703  31.002356  32.373147  18.619852  188.989838  111.235439
465  0.232570  659.722989  0.995460  49.793715  31.174904  32.657703  18.781750  190.214678  111.932309
466  0.233068  664.072084  0.995489  50.095069  31.348207  32.944293  18.944809  191.445632  112.632679
467  0.233566  668.440841  0.995519  50.397769  31.522268  33.232928  19.109038  192.682723  113.336566
468  0.234064  672.830339  0.995548  50.701819  31.697090  33.523618  19.274442  193.925971  114.043977
469  0.234562  677.241064  0.995577  51.007224  31.872675  33.816375  19.441026  195.175399  114.754924
470  0.235060  681.670626  0.995606  51.313989  32.049027  34.111211  19.608800  196.431028  115.469429
471  0.235558  686.122164  0.995634  51.622118  32.226147  34.408137  19.777767  197.692880  116.187492
472  0.236056  690.595047  0.995662  51.931615  32.404038  34.707163  19.947934  198.960977  116.909129
473  0.236554  695.085765  0.995690  52.242486  32.582703  35.008302  20.119311  200.235341  117.634366
474  0.237052  699.601075  0.995718  52.554734  32.762145  35.311565  20.291899  201.515994  118.363189
475  0.237550  704.135602  0.995746  52.868365  32.942366  35.616962  20.465709  202.802957  119.095634
476  0.238048  708.692015  0.995773  53.183382  33.123369  35.924507  20.640745  204.096253  119.831702
477  0.238546  713.267923  0.995800  53.499790  33.305157  36.234210  20.817017  205.395903  120.571416
478  0.239044  717.865568  0.995827  53.817594  33.487733  36.546083  20.994529  206.701930  121.314779
479  0.239542  722.484274  0.995853  54.136799  33.671098  36.860138  21.173288  208.014356  122.061808
480  0.240040  727.123430  0.995880  54.457409  33.855256  37.176386  21.353301  209.333203  122.812519
481  0.240538  731.786860  0.995906  54.779428  34.040210  37.494839  21.534573  210.658493  123.566908
482  0.241036  736.467638  0.995932  55.102861  34.225962  37.815508  21.717116  211.990249  124.325017
483  0.241534  741.173332  0.995958  55.427714  34.412515  38.138407  21.900930  213.328492  125.086828
484  0.242032  745.898794  0.995983  55.753989  34.599871  38.463545  22.086026  214.673246  125.852376
485  0.242530  750.646900  0.996009  56.081693  34.788034  38.790937  22.272410  216.024531  126.621662
486  0.243028  755.414167  0.996034  56.410830  34.977006  39.120592  22.460090  217.382372  127.394713
487  0.243526  760.205793  0.996059  56.741403  35.166790  39.452524  22.649070  218.746789  128.171522
488  0.244024  765.017345  0.996084  57.073419  35.357388  39.786744  22.839361  220.117807  128.952119
489  0.244522  769.851961  0.996108  57.406881  35.548804  40.123264  23.030965  221.495446  129.736506
490  0.245020  774.709275  0.996133  57.741795  35.741040  40.462097  23.223892  222.879730  130.524697
491  0.245518  779.588158  0.996157  58.078164  35.934098  40.803255  23.418148  224.270682  131.316710
492  0.246016  784.488087  0.996181  58.415994  36.127982  41.146749  23.613742  225.668323  132.112560
493  0.246514  789.411026  0.996205  58.755290  36.322694  41.492593  23.810678  227.072678  132.912253
494  0.247012  794.356970  0.996228  59.096055  36.518237  41.840798  24.008965  228.483767  133.715802
495  0.247510  799.322929  0.996252  59.438295  36.714614  42.191376  24.208611  229.901615  134.523233
496  0.248008  804.312088  0.996275  59.782015  36.911828  42.544341  24.409621  231.326243  135.334546
497  0.248506  809.324200  0.996298  60.127218  37.109881  42.899704  24.612003  232.757676  136.149756
498  0.249004  814.358075  0.996321  60.473911  37.308776  43.257479  24.815765  234.195935  136.968881
499  0.249502  819.416659  0.996343  60.822097  37.508516  43.617677  25.020911  235.641044  137.791924
500  0.250000  824.494651  0.996366  61.171781  37.709104  43.980311  25.227453  237.093025  138.618917
501  0.250498  829.595283  0.996388  61.522969  37.910542  44.345394  25.435397  238.551901  139.449862