      density       alpha     S_nem     F(iso)     F(nem)     P(iso)     P(nem)     mu(iso)     mu(nem)
0    0.001000    5.875307  0.576288  -7.869999  -8.708270   0.001038   0.001034   -6.831947   -7.674485
1    0.001498    5.896489  0.577500  -7.446845  -8.287255   0.001584   0.001574   -6.389399   -7.236288
2    0.001996    5.918036  0.578725  -7.140659  -7.983237   0.002150   0.002133   -6.063521   -6.914849
3    0.002494    5.939954  0.579965  -6.898596  -7.743372   0.002736   0.002709   -5.801465   -6.657321
4    0.002992    5.962250  0.581220  -6.697072  -7.544075   0.003343   0.003303   -5.579646   -6.440120
5    0.003490    5.984931  0.582488  -6.523492  -7.372752   0.003972   0.003916   -5.385467   -6.250648
6    0.003988    6.008004  0.583771  -6.370333  -7.221880   0.004622   0.004548   -5.211401   -6.081383
7    0.004486    6.031474  0.585069  -6.232739  -7.086603   0.005294   0.005200   -5.052591   -5.927465
8    0.004984    6.055351  0.586382  -6.107393  -6.963605   0.005989   0.005871   -4.905717   -5.785578
9    0.005482    6.079641  0.587709  -5.991927  -6.850518   0.006707   0.006563   -4.768410   -5.653353
10   0.005980    6.104352  0.589051  -5.884595  -6.745595   0.007449   0.007275   -4.638919   -5.529041
11   0.006478    6.129491  0.590408  -5.784067  -6.647508   0.008215   0.008008   -4.515914   -5.411312
12   0.006976    6.155067  0.591780  -5.689311  -6.555224   0.009006   0.008762   -4.398359   -5.299132
13   0.007474    6.181088  0.593166  -5.599507  -6.467925   0.009821   0.009539   -4.285434   -5.191683
14   0.007972    6.207563  0.594568  -5.513997  -6.384951   0.010663   0.010337   -4.176475   -5.088301
15   0.008470    6.234502  0.595985  -5.432238  -6.305762   0.011530   0.011158   -4.070939   -4.988445
16   0.008968    6.261913  0.597418  -5.353783  -6.229910   0.012424   0.012001   -3.968376   -4.891667
17   0.009466    6.289803  0.598865  -5.278258  -6.157020   0.013346   0.012868   -3.868408   -4.797591
18   0.009964    6.318185  0.600328  -5.205343  -6.086775   0.014295   0.013759   -3.770714   -4.705896
19   0.010462    6.347068  0.601807  -5.134769  -6.018904   0.015272   0.014674   -3.675021   -4.616312
20   0.010960    6.376461  0.603301  -5.066300  -5.953174   0.016278   0.015613   -3.581091   -4.528603
21   0.011458    6.406377  0.604810  -4.999736  -5.889382   0.017313   0.016578   -3.488721   -4.442567
22   0.011956    6.436827  0.606336  -4.934899  -5.827353   0.018378   0.017567   -3.397730   -4.358025
23   0.012454    6.467819  0.607877  -4.871633  -5.766931   0.019474   0.018583   -3.307961   -4.274820
24   0.012952    6.499365  0.609434  -4.809802  -5.707980   0.020601   0.019624   -3.219273   -4.192817
25   0.013450    6.531479  0.611007  -4.749284  -5.650378   0.021759   0.020693   -3.131541   -4.111890
26   0.013948    6.564171  0.612596  -4.689971  -5.594018   0.022949   0.021788   -3.044655   -4.031933
27   0.014446    6.597454  0.614201  -4.631765  -5.538802   0.024172   0.022911   -2.958515   -3.952845
28   0.014944    6.631340  0.615822  -4.574579  -5.484644   0.025428   0.024061   -2.873029   -3.874540
29   0.015442    6.665844  0.617460  -4.518333  -5.431466   0.026718   0.025240   -2.788116   -3.796937
30   0.015940    6.700977  0.619113  -4.462958  -5.379195   0.028043   0.026448   -2.703702   -3.719965
31   0.016438    6.736751  0.620783  -4.408387  -5.327769   0.029402   0.027685   -2.619718   -3.643557
32   0.016936    6.773184  0.622469  -4.354561  -5.277128   0.030797   0.028952   -2.536102   -3.567654
33   0.017434    6.810287  0.624172  -4.301427  -5.227219   0.032229   0.030248   -2.452797   -3.492201
34   0.017932    6.848077  0.625891  -4.248934  -5.177991   0.033698   0.031575   -2.369750   -3.417148
35   0.018430    6.886564  0.627626  -4.197036  -5.129401   0.035204   0.032934   -2.286912   -3.342448
36   0.018928    6.925768  0.629378  -4.145693  -5.081407   0.036748   0.034323   -2.204237   -3.268059
37   0.019426    6.965702  0.631146  -4.094863  -5.033970   0.038331   0.035744   -2.121684   -3.193942
38   0.019924    7.006381  0.632931  -4.044513  -4.987055   0.039954   0.037198   -2.039213   -3.120059
39   0.020422    7.047821  0.634732  -3.994608  -4.940628   0.041616   0.038684   -1.956788   -3.046378
40   0.020920    7.090038  0.636550  -3.945117  -4.894660   0.043320   0.040204   -1.874373   -2.972866
41   0.021418    7.133048  0.638384  -3.896011  -4.849123   0.045065   0.041757   -1.791936   -2.899494
42   0.021916    7.176867  0.640234  -3.847262  -4.803988   0.046852   0.043344   -1.709447   -2.826236
43   0.022414    7.221511  0.642100  -3.798847  -4.759233   0.048683   0.044966   -1.626878   -2.753064
44   0.022912    7.266997  0.643983  -3.750740  -4.714834   0.050556   0.046623   -1.544200   -2.679956
45   0.023410    7.313341  0.645881  -3.702920  -4.670769   0.052474   0.048315   -1.461388   -2.606888
46   0.023908    7.360559  0.647795  -3.655365  -4.627018   0.054437   0.050044   -1.378418   -2.533840
47   0.024406    7.408670  0.649725  -3.608056  -4.583561   0.056446   0.051808   -1.295266   -2.460791
48   0.024904    7.457686  0.651670  -3.560975  -4.540382   0.058501   0.053610   -1.211910   -2.387724
49   0.025402    7.507627  0.653631  -3.514103  -4.497463   0.060603   0.055449   -1.128328   -2.314620
50   0.025900    7.558510  0.655607  -3.467425  -4.454789   0.062754   0.057325   -1.044501   -2.241462
51   0.026398    7.610347  0.657598  -3.420923  -4.412344   0.064953   0.059240   -0.960409   -2.168235
52   0.026896    7.663156  0.659603  -3.374584  -4.370114   0.067201   0.061194   -0.876033   -2.094924
53   0.027394    7.716953  0.661622  -3.328393  -4.328086   0.069500   0.063186   -0.791356   -2.021514
54   0.027892    7.771752  0.663655  -3.282337  -4.286247   0.071849   0.065219   -0.706359   -1.947991
55   0.028390    7.827568  0.665702  -3.236403  -4.244585   0.074251   0.067291   -0.621027   -1.874344
56   0.028888    7.884418  0.667762  -3.190579  -4.203088   0.076704   0.069404   -0.535343   -1.800559
57   0.029386    7.942309  0.669834  -3.144852  -4.161747   0.079212   0.071558   -0.449292   -1.726625
58   0.029884    8.001262  0.671919  -3.099213  -4.120550   0.081773   0.073754   -0.362858   -1.652531
59   0.030382    8.061284  0.674016  -3.053649  -4.079487   0.084390   0.075992   -0.276027   -1.578265
60   0.030880    8.122390  0.676124  -3.008152  -4.038550   0.087062   0.078273   -0.188785   -1.503818
61   0.031378    8.184589  0.678242  -2.962710  -3.997729   0.089791   0.080596   -0.101118   -1.429178
62   0.031876    8.247893  0.680370  -2.917316  -3.957016   0.092578   0.082963   -0.013012   -1.354337
63   0.032374    8.312310  0.682508  -2.871959  -3.916403   0.095423   0.085374    0.075546   -1.279286
64   0.032872    8.377849  0.684655  -2.826632  -3.875882   0.098327   0.087830    0.164568   -1.204014
65   0.033370    8.444517  0.686810  -2.781325  -3.835445   0.101291   0.090330    0.254067   -1.128514
66   0.033868    8.512322  0.688972  -2.736031  -3.795085   0.104316   0.092877    0.344056   -1.052776
67   0.034366    8.581269  0.691141  -2.690743  -3.754796   0.107404   0.095469    0.434545   -0.976793
68   0.034864    8.651362  0.693316  -2.645451  -3.714571   0.110554   0.098108    0.525548   -0.900556
69   0.035362    8.722606  0.695496  -2.600151  -3.674403   0.113768   0.100794    0.617075   -0.824057
70   0.035860    8.795002  0.697681  -2.554833  -3.634286   0.117046   0.103528    0.709137   -0.747288
71   0.036358    8.868548  0.699869  -2.509493  -3.594215   0.120390   0.106310    0.801747   -0.670241
72   0.036856    8.943257  0.702060  -2.464122  -3.554184   0.123801   0.109141    0.894914   -0.592910
73   0.037354    9.019112  0.704253  -2.418716  -3.514188   0.127279   0.112021    0.988650   -0.515285
74   0.037852    9.096126  0.706448  -2.373267  -3.474221   0.130825   0.114951    1.082964   -0.437361
75   0.038350    9.174289  0.708642  -2.327770  -3.434277   0.134441   0.117932    1.177868   -0.359128
76   0.038848    9.253599  0.710837  -2.282219  -3.394353   0.138128   0.120964    1.273373   -0.280581
77   0.039346    9.334053  0.713030  -2.236609  -3.354444   0.141885   0.124047    1.369486   -0.201711
78   0.039844    9.415649  0.715221  -2.190933  -3.314544   0.145716   0.127183    1.466220   -0.122512
79   0.040342    9.498372  0.717409  -2.145187  -3.274649   0.149619   0.130372    1.563584   -0.042976
80   0.040840    9.582226  0.719593  -2.099366  -3.234756   0.153597   0.133615    1.661588    0.036904
81   0.041338    9.667202  0.721773  -2.053464  -3.194859   0.157651   0.136911    1.760241    0.117136
82   0.041836    9.753295  0.723949  -2.007477  -3.154955   0.161781   0.140263    1.859553    0.197725
83   0.042334    9.840487  0.726118  -1.961399  -3.115040   0.165989   0.143670    1.959534    0.278681
84   0.042832    9.928790  0.728280  -1.915226  -3.075109   0.170275   0.147133    2.060193    0.360009
85   0.043330   10.018179  0.730436  -1.868954  -3.035160   0.174641   0.150653    2.161540    0.441718
86   0.043828   10.108656  0.732583  -1.822578  -2.995187   0.179088   0.154231    2.263583    0.523813
87   0.044326   10.200215  0.734722  -1.776094  -2.955188   0.183617   0.157867    2.366333    0.606303
88   0.044824   10.292839  0.736852  -1.729497  -2.915160   0.188229   0.161562    2.469798    0.689194
89   0.045322   10.386532  0.738973  -1.682783  -2.875098   0.192925   0.165316    2.573987    0.772494
90   0.045820   10.481279  0.741084  -1.635949  -2.834999   0.197707   0.169131    2.678910    0.856209
91   0.046318   10.577085  0.743184  -1.588989  -2.794860   0.202575   0.173007    2.784575    0.940347
92   0.046816   10.673936  0.745273  -1.541900  -2.754678   0.207530   0.176945    2.890992    1.024915
93   0.047314   10.771830  0.747351  -1.494679  -2.714449   0.212575   0.180946    2.998169    1.109919
94   0.047812   10.870761  0.749417  -1.447321  -2.674170   0.217709   0.185010    3.106116    1.195368
95   0.048310   10.970730  0.751471  -1.399822  -2.633839   0.222934   0.189139    3.214841    1.281267
96   0.048808   11.071731  0.753513  -1.352180  -2.593452   0.228252   0.193332    3.324354    1.367623
97   0.049306   11.173765  0.755542  -1.304390  -2.553007   0.233664   0.197591    3.434662    1.454445
98   0.049804   11.276832  0.757559  -1.256448  -2.512499   0.239170   0.201917    3.545775    1.541738
99   0.050302   11.380931  0.759563  -1.208352  -2.471927   0.244772   0.206310    3.657702    1.629509
100  0.050800   11.486069  0.761553  -1.160097  -2.431288   0.250472   0.210772    3.770452    1.717765
101  0.051298   11.592239  0.763531  -1.111681  -2.390579   0.256270   0.215302    3.884032    1.806513
102  0.051796   11.699458  0.765495  -1.063099  -2.349797   0.262168   0.219903    3.998453    1.895760
103  0.052294   11.807719  0.767446  -1.014350  -2.308939   0.268167   0.224574    4.113722    1.985512
104  0.052792   11.917042  0.769384  -0.965428  -2.268003   0.274269   0.229317    4.229848    2.075776
105  0.053290   12.027428  0.771309  -0.916332  -2.226986   0.280474   0.234132    4.346840    2.166557
106  0.053788   12.138885  0.773220  -0.867057  -2.185886   0.286785   0.239020    4.464707    2.257864
107  0.054286   12.251433  0.775118  -0.817602  -2.144700   0.293202   0.243983    4.583458    2.349702
108  0.054784   12.365075  0.777002  -0.767962  -2.103425   0.299727   0.249021    4.703101    2.442077
109  0.055282   12.479832  0.778874  -0.718134  -2.062060   0.306361   0.254134    4.823644    2.534995
110  0.055780   12.595721  0.780733  -0.668116  -2.020601   0.313105   0.259325    4.945097    2.628463
111  0.056278   12.712760  0.782579  -0.617904  -1.979046   0.319961   0.264593    5.067468    2.722487
112  0.056776   12.830964  0.784413  -0.567496  -1.937393   0.326931   0.269939    5.190766    2.817072
113  0.057274   12.950354  0.786234  -0.516888  -1.895639   0.334016   0.275366    5.314999    2.912225
114  0.057772   13.070958  0.788043  -0.466078  -1.853783   0.341216   0.280872    5.440177    3.007952
115  0.058270   13.192801  0.789840  -0.415062  -1.811821   0.348534   0.286460    5.566307    3.104257
116  0.058768   13.315908  0.791625  -0.363839  -1.769752   0.355972   0.292130    5.693399    3.201147
117  0.059266   13.440308  0.793398  -0.312403  -1.727574   0.363530   0.297883    5.821462    3.298627
118  0.059764   13.566031  0.795160  -0.260754  -1.685283   0.371210   0.303720    5.950503    3.396702
119  0.060262   13.693111  0.796912  -0.208888  -1.642879   0.379013   0.309642    6.080532    3.495378
120  0.060760   13.821596  0.798652  -0.156803  -1.600358   0.386942   0.315649    6.211558    3.594660
121  0.061258   13.951506  0.800382  -0.104495  -1.557720   0.394997   0.321744    6.343590    3.694553
122  0.061756   14.082889  0.802102  -0.051962  -1.514960   0.403180   0.327926    6.476635    3.795061
123  0.062254   14.215783  0.803812   0.000799  -1.472079   0.411493   0.334196    6.610703    3.896190
124  0.062752   14.350241  0.805512   0.053791  -1.429073   0.419937   0.340556    6.745803    3.997944
125  0.063250   14.486309  0.807204   0.107016  -1.385941   0.428514   0.347006    6.881943    4.100327
126  0.063748   14.624041  0.808886   0.160476  -1.342680   0.437226   0.353548    7.019133    4.203344
127  0.064246   14.763479  0.810560   0.214176  -1.299289   0.446073   0.360182    7.157380    4.307000
128  0.064744   14.904694  0.812226   0.268117  -1.255765   0.455058   0.366908    7.296695    4.411297
129  0.065242   15.047749  0.813883   0.322302  -1.212108   0.464183   0.373729    7.437086    4.516239
130  0.065740   15.192691  0.815534   0.376734  -1.168314   0.473448   0.380644    7.578562    4.621831
131  0.066238   15.339602  0.817177   0.431415  -1.124383   0.482856   0.387655    7.721131    4.728076
132  0.066736   15.488549  0.818814   0.486348  -1.080312   0.492409   0.394763    7.864803    4.834977
133  0.067234   15.639610  0.820444   0.541536  -1.036100   0.502107   0.401968    8.009587    4.942537
134  0.067732   15.792867  0.822069   0.596980  -0.991745   0.511953   0.409271    8.155492    5.050759
135  0.068230   15.948404  0.823688   0.652685  -0.947244   0.521949   0.416673    8.302526    5.159645
136  0.068728   16.106301  0.825302   0.708651  -0.902598   0.532095   0.424175    8.450699    5.269197
137  0.069226   16.266680  0.826912   0.764882  -0.857803   0.542395   0.431778    8.600019    5.379417
138  0.069724   16.429623  0.828517   0.821381  -0.812858   0.552850   0.439482    8.750497    5.490308
139  0.070222   16.595225  0.830118   0.878150  -0.767762   0.563461   0.447288    8.902141    5.601871
140  0.070720   16.763628  0.831717   0.935191  -0.722513   0.574230   0.455198    9.054959    5.714105
141  0.071218   16.934936  0.833312   0.992507  -0.677110   0.585159   0.463211    9.208962    5.827013
142  0.071716   17.109273  0.834905   1.050101  -0.631551   0.596251   0.471328    9.364159    5.940595
143  0.072214   17.286784  0.836496   1.107975  -0.585835   0.607506   0.479550    9.520558    6.054850
144  0.072712   17.467607  0.838086   1.166131  -0.539960   0.618927   0.487879    9.678169    6.169779
145  0.073210   17.651897  0.839675   1.224572  -0.493925   0.630516   0.496313    9.837001    6.285379
146  0.073708   17.839818  0.841263   1.283301  -0.447729   0.642274   0.504854    9.997063    6.401650
147  0.074206   18.031535  0.842852   1.342320  -0.401371   0.654203   0.513503   10.158366    6.518590
148  0.074704   18.227232  0.844441   1.401632  -0.354849   0.666306   0.522259   10.320917    6.636197
149  0.075202   18.427111  0.846031   1.461239  -0.308161   0.678584   0.531124   10.484727    6.754467
150  0.075700   18.631381  0.847624   1.521143  -0.261308   0.691040   0.540097   10.649805    6.873397
151  0.076198   18.840247  0.849218   1.581347  -0.214288   0.703674   0.549180   10.816160    6.992982
152  0.076696   19.053951  0.850816   1.641854  -0.167100   0.716490   0.558371   10.983802    7.113219
153  0.077194   19.272767  0.852417   1.702665  -0.119743   0.729489   0.567673   11.152741    7.234099
154  0.077692   19.496915  0.854022   1.763785  -0.072217   0.742673   0.577083   11.322985    7.355619
155  0.078190   19.726734  0.855631   1.825214  -0.024519   0.756045   0.586604   11.494544    7.477769
156  0.078688   19.962491  0.857246   1.886955   0.023349   0.769606   0.596234   11.667428    7.600542
157  0.079186   20.204527  0.858867   1.949012   0.071390   0.783358   0.605974   11.841647    7.723929
158  0.079684   20.453184  0.860495   2.011386   0.119603   0.797304   0.615823   12.017210    7.847920
159  0.080182   20.708835  0.862130   2.074079   0.167989   0.811446   0.625782   12.194127    7.972503
160  0.080680   20.971890  0.863772   2.137095   0.216549   0.825785   0.635848   12.372407    8.097665
161  0.081178   21.242762  0.865424   2.200436   0.265282   0.840324   0.646024   12.552061    8.223394
162  0.081676   21.521896  0.867084   2.264103   0.314189   0.855066   0.656306   12.733098    8.349675
163  0.082174   21.809804  0.868754   2.328101   0.363271   0.870011   0.666696   12.915528    8.476490
164  0.082672   22.106958  0.870435   2.392430   0.412527   0.885163   0.677191   13.099360    8.603825
165  0.083170   22.413955  0.872126   2.457095   0.461956   0.900524   0.687791   13.284605    8.731658
166  0.083668   22.731330  0.873829   2.522096   0.511560   0.916096   0.698495   13.471272    8.859971
167  0.084166   23.059754  0.875545   2.587437   0.561337   0.931880   0.709301   13.659371    8.988740
168  0.084664   23.399835  0.877273   2.653119   0.611288   0.947881   0.720208   13.848913    9.117945
169  0.085162   23.752318  0.879014   2.719146   0.661411   0.964099   0.731214   14.039907    9.247559
170  0.085660   24.117916  0.880769   2.785520   0.711706   0.980537   0.742317   14.232364    9.377557
171  0.086158   24.497416  0.882537   2.852244   0.762172   0.997197   0.753515   14.426293    9.507912
172  0.086656   24.891616  0.884319   2.919319   0.812807   1.014082   0.764807   14.621704    9.638595
173  0.087154   25.301367  0.886116   2.986749   0.863612   1.031194   0.776191   14.818608    9.769579
174  0.087652   25.727529  0.887926   3.054535   0.914585   1.048535   0.787663   15.017015    9.900833
175  0.088150   26.171019  0.889749   3.122680   0.965724   1.066109   0.799221   15.216935   10.032327
176  0.088648   26.632695  0.891586   3.191188   1.017027   1.083916   0.810864   15.418378   10.164033
177  0.089146   27.113574  0.893435   3.260059   1.068494   1.101960   0.822588   15.621354   10.295919
178  0.089644   27.614451  0.895295   3.329297   1.120122   1.120243   0.834392   15.825875   10.427961
179  0.090142   28.136285  0.897166   3.398905   1.171909   1.138768   0.846273   16.031949   10.560131
180  0.090640   28.679875  0.899044   3.468884   1.223854   1.157537   0.858230   16.239588   10.692408
181  0.091138   29.246035  0.900929   3.539237   1.275954   1.176552   0.870260   16.448801   10.824773
182  0.091636   29.835458  0.902819   3.609966   1.328207   1.195816   0.882363   16.659600   10.957212
183  0.092134   30.448744  0.904710   3.681075   1.380611   1.215332   0.894539   16.871995   11.089716
184  0.092632   31.086425  0.906599   3.752566   1.433165   1.235102   0.906785   17.085996   11.222281
185  0.093130   31.748743  0.908484   3.824440   1.485866   1.255129   0.919105   17.301614   11.354915
186  0.093628   32.435974  0.910362   3.896701   1.538711   1.275415   0.931497   17.518859   11.487628
187  0.094126   33.148077  0.912227   3.969351   1.591700   1.295964   0.943965   17.737742   11.620439
188  0.094624   33.884905  0.914078   4.042393   1.644830   1.316776   0.956511   17.958274   11.753376
189  0.095122   34.646094  0.915909   4.115829   1.698101   1.337856   0.969139   18.180465   11.886475
190  0.095620   35.431187  0.917719   4.189661   1.751510   1.359206   0.981851   18.404326   12.019774
191  0.096118   36.239486  0.919502   4.263893   1.805057   1.380829   0.994655   18.629868   12.153322
192  0.096616   37.070137  0.921255   4.338526   1.858741   1.402727   1.007553   18.857102   12.287172
193  0.097114   37.922314  0.922977   4.413564   1.912562   1.424903   1.020553   19.086038   12.421376
194  0.097612   38.794914  0.924664   4.489008   1.966520   1.447359   1.033660   19.316687   12.555996
195  0.098110   39.686901  0.926313   4.564861   2.020614   1.470100   1.046880   19.549060   12.691088
196  0.098608   40.597221  0.927924   4.641126   2.074845   1.493127   1.060220   19.783169   12.826710
197  0.099106   41.524809  0.929494   4.717806   2.129214   1.516442   1.073685   20.019024   12.962918
198  0.099604   42.468486  0.931023   4.794902   2.183722   1.540050   1.087282   20.256635   13.099768
199  0.100102   43.427261  0.932510   4.872418   2.238371   1.563953   1.101016   20.496015   13.237313
200  0.100600   44.400063  0.933954   4.950355   2.293161   1.588154   1.114894   20.737175   13.375603
201  0.101098   45.386096  0.935357   5.028717   2.348094   1.612655   1.128919   20.980124   13.514679
202  0.101596   46.384322  0.936717   5.107507   2.403173   1.637460   1.143099   21.224875   13.654589
203  0.102094   47.394076  0.938037   5.186726   2.458399   1.662572   1.157436   21.471439   13.795366
204  0.102592   48.414537  0.939315   5.266377   2.513774   1.687992   1.171937   21.719827   13.937049
205  0.103090   49.445198  0.940554   5.346462   2.569301   1.713726   1.186603   21.970049   14.079664
206  0.103588   50.485328  0.941754   5.426986   2.624981   1.739774   1.201441   22.222119   14.223244
207  0.104086   51.534451  0.942916   5.507949   2.680819   1.766141   1.216452   22.476046   14.367813
208  0.104584   52.592121  0.944042   5.589354   2.736815   1.792830   1.231642   22.731842   14.513394
209  0.105082   53.657943  0.945132   5.671205   2.792973   1.819843   1.247012   22.989519   14.660007
210  0.105580   54.731615  0.946189   5.753504   2.849296   1.847184   1.262565   23.249088   14.807670
211  0.106078   55.812873  0.947212   5.836252   2.905785   1.874855   1.278305   23.510561   14.956397
212  0.106576   56.901323  0.948204   5.919454   2.962444   1.902861   1.294234   23.773949   15.106208
213  0.107074   57.996928  0.949165   6.003111   3.019275   1.931203   1.310354   24.039263   15.257111
214  0.107572   59.099293  0.950097   6.087227   3.076281   1.959885   1.326669   24.306516   15.409125
215  0.108070   60.208544  0.951001   6.171803   3.133464   1.988911   1.343179   24.575718   15.562253
216  0.108568   61.324387  0.951878   6.256843   3.190828   2.018283   1.359888   24.846883   15.716509
217  0.109066   62.446657  0.952728   6.342349   3.248375   2.048006   1.376798   25.120020   15.871906
218  0.109564   63.575541  0.953554   6.428323   3.306108   2.078081   1.393910   25.395143   16.028444
219  0.110062   64.710768  0.954356   6.514769   3.364030   2.108512   1.411227   25.672262   16.186138
220  0.110560   65.852357  0.955135   6.601689   3.422142   2.139303   1.428750   25.951390   16.344994
221  0.111058   67.000260  0.955892   6.689085   3.480448   2.170457   1.446483   26.232538   16.505020
222  0.111556   68.154510  0.956628   6.776961   3.538951   2.201977   1.464426   26.515719   16.666221
223  0.112054   69.315099  0.957344   6.865319   3.597653   2.233867   1.482581   26.800944   16.828605
224  0.112552   70.482005  0.958040   6.954161   3.656556   2.266129   1.500951   27.088226   16.992179
225  0.113050   71.655261  0.958717   7.043491   3.715664   2.298768   1.519537   27.377576   17.156948
226  0.113548   72.834901  0.959376   7.133310   3.774978   2.331787   1.538342   27.669006   17.322919
227  0.114046   74.020926  0.960018   7.223623   3.834502   2.365189   1.557366   27.962529   17.490098
228  0.114544   75.213459  0.960644   7.314431   3.894238   2.398978   1.576612   28.258157   17.658489
229  0.115042   76.412422  0.961253   7.405737   3.954188   2.433157   1.596083   28.555901   17.828102
230  0.115540   77.617811  0.961847   7.497544   4.014355   2.467730   1.615779   28.855774   17.998942
231  0.116038   78.829909  0.962426   7.589854   4.074741   2.502700   1.635703   29.157789   18.171011
232  0.116536   80.048528  0.962991   7.682671   4.135350   2.538071   1.655857   29.461957   18.344320
233  0.117034   81.273795  0.963542   7.775996   4.196182   2.573846   1.676242   29.768291   18.518872
234  0.117532   82.505854  0.964080   7.869834   4.257242   2.610030   1.696860   30.076804   18.694672
235  0.118030   83.744634  0.964605   7.964185   4.318530   2.646625   1.717714   30.387507   18.871729
236  0.118528   84.990155  0.965117   8.059054   4.380050   2.683635   1.738806   30.700413   19.050050
237  0.119026   86.242960  0.965618   8.154443   4.441804   2.721064   1.760136   31.015534   19.229629
238  0.119524   87.502309  0.966107   8.250355   4.503794   2.758916   1.781708   31.332884   19.410491
239  0.120022   88.768705  0.966585   8.346792   4.566023   2.797195   1.803524   31.652474   19.592631
240  0.120520   90.042224  0.967052   8.443758   4.628493   2.835903   1.825584   31.974317   19.776056
241  0.121018   91.322973  0.967509   8.541254   4.691206   2.875045   1.847892   32.298427   19.960770
242  0.121516   92.610829  0.967956   8.639285   4.754165   2.914626   1.870450   32.624814   20.146785
243  0.122014   93.905900  0.968393   8.737851   4.817372   2.954647   1.893259   32.953493   20.334105
244  0.122512   95.208397  0.968821   8.836958   4.880829   2.995114   1.916321   33.284476   20.522733
245  0.123010   96.518229  0.969240   8.936606   4.944538   3.036031   1.939639   33.617776   20.712680
246  0.123508   97.835444  0.969650   9.036800   5.008503   3.077400   1.963215   33.953405   20.903951
247  0.124006   99.160217  0.970051   9.137541   5.072724   3.119227   1.987051   34.291377   21.096552
248  0.124504  100.492543  0.970444   9.238833   5.137205   3.161514   2.011149   34.631704   21.290490
249  0.125002  101.832509  0.970829   9.340678   5.201947   3.204266   2.035511   34.974399   21.485771
250  0.125500  103.180152  0.971206   9.443080   5.266953   3.247488   2.060139   35.319476   21.682402
251  0.125998  104.535540  0.971576   9.546041   5.332225   3.291182   2.085036   35.666947   21.880390
252  0.126496  105.898718  0.971939   9.649564   5.397765   3.335353   2.110203   36.016825   22.079743
253  0.126994  107.269811  0.972294   9.753652   5.463575   3.380005   2.135644   36.369123   22.280465
254  0.127492  108.648872  0.972642   9.858307   5.529659   3.425142   2.161360   36.723855   22.482564
255  0.127990  110.035833  0.972984   9.963533   5.596017   3.470769   2.187353   37.081034   22.686049
256  0.128488  111.430890  0.973319  10.069333   5.662652   3.516889   2.213626   37.440673   22.890924
257  0.128986  112.833985  0.973648  10.175708   5.729566   3.563506   2.240182   37.802785   23.097200
258  0.129484  114.245424  0.973971  10.282663   5.796761   3.610625   2.267021   38.167384   23.304878
259  0.129982  115.665017  0.974287  10.390201   5.864240   3.658250   2.294147   38.534482   23.513970
260  0.130480  117.092923  0.974598  10.498323   5.932005   3.706385   2.321562   38.904093   23.724481
261  0.130978  118.529110  0.974903  10.607033   6.000057   3.755034   2.349269   39.276231   23.936421
262  0.131476  119.973869  0.975203  10.716334   6.068399   3.804202   2.377269   39.650910   24.149793
263  0.131974  121.427035  0.975497  10.826228   6.137034   3.853893   2.405566   40.028141   24.364607
264  0.132472  122.888747  0.975786  10.936720   6.205963   3.904111   2.434161   40.407940   24.580870
265  0.132970  124.358970  0.976070  11.047811   6.275188   3.954861   2.463057   40.790319   24.798591
266  0.133468  125.837927  0.976349  11.159504   6.344711   4.006147   2.492256   41.175293   25.017775
267  0.133966  127.325706  0.976623  11.271804   6.414535   4.057974   2.521762   41.562874   25.238428
268  0.134464  128.821980  0.976893  11.384711   6.484662   4.110345   2.551576   41.953077   25.460565
269  0.134962  130.327197  0.977158  11.498230   6.555094   4.163265   2.581700   42.345915   25.684186
270  0.135460  131.841450  0.977418  11.612364   6.625833   4.216740   2.612138   42.741402   25.909298
271  0.135958  133.364617  0.977674  11.727114   6.696881   4.270772   2.642892   43.139552   26.135913
272  0.136456  134.896578  0.977926  11.842486   6.768240   4.325368   2.673965   43.540379   26.364041
273  0.136954  136.437694  0.978173  11.958480   6.839912   4.380531   2.705358   43.943896   26.593684
274  0.137452  137.987964  0.978417  12.075101   6.911900   4.436266   2.737075   44.350118   26.824852
275  0.137950  139.547308  0.978656  12.192351   6.984206   4.492577   2.769118   44.759058   27.057553
276  0.138448  141.116030  0.978892  12.310234   7.056831   4.549470   2.801490   45.170731   27.291793
277  0.138946  142.694006  0.979123  12.428752   7.129777   4.606949   2.834193   45.585150   27.527582
278  0.139444  144.281250  0.979351  12.547908   7.203048   4.665018   2.867231   46.002329   27.764928
279  0.139942  145.877885  0.979576  12.667706   7.276644   4.723683   2.900605   46.422283   28.003839
280  0.140440  147.484073  0.979797  12.788148   7.350569   4.782948   2.934318   46.845026   28.244321
281  0.140938  149.099721  0.980014  12.909238   7.424824   4.842818   2.968374   47.270572   28.486383
282  0.141436  150.725008  0.980228  13.030979   7.499410   4.903297   3.002774   47.698935   28.730033
283  0.141934  152.359959  0.980439  13.153373   7.574331   4.964391   3.037522   48.130129   28.975279
284  0.142432  154.004290  0.980647  13.276424   7.649589   5.026104   3.072621   48.564170   29.222133
285  0.142930  155.658635  0.980851  13.400135   7.725185   5.088442   3.108072   49.001070   29.470596
286  0.143428  157.322622  0.981052  13.524508   7.801121   5.151408   3.143879   49.440845   29.720682
287  0.143926  158.996619  0.981250  13.649548   7.877400   5.215009   3.180044   49.883509   29.972395
288  0.144424  160.680369  0.981446  13.775256   7.954024   5.279249   3.216571   50.329077   30.225747
289  0.144922  162.374107  0.981638  13.901637   8.030995   5.344133   3.253463   50.777562   30.480744
290  0.145420  164.077815  0.981827  14.028693   8.108315   5.409666   3.290721   51.228980   30.737396
291  0.145918  165.791627  0.982014  14.156428   8.185985   5.475853   3.328349   51.683345   30.995709
292  0.146416  167.515593  0.982198  14.284844   8.264009   5.542699   3.366350   52.140671   31.255692
293  0.146914  169.249695  0.982379  14.413944   8.342388   5.610209   3.404727   52.600974   31.517355
294  0.147412  170.994181  0.982558  14.543733   8.421124   5.678389   3.443482   53.064268   31.780703
295  0.147910  172.748744  0.982734  14.674212   8.500219   5.747244   3.482620   53.530568   32.045750
296  0.148408  174.513592  0.982908  14.805386   8.579676   5.816778   3.522141   53.999889   32.312502
297  0.148906  176.288902  0.983079  14.937256   8.659496   5.886997   3.562050   54.472245   32.580966
298  0.149404  178.074475  0.983248  15.069828   8.739682   5.957906   3.602350   54.947651   32.851153
299  0.149902  179.870954  0.983414  15.203103   8.820236   6.029511   3.643043   55.426122   33.123065
300  0.150400  181.677849  0.983578  15.337084   8.901159   6.101817   3.684132   55.907674   33.396718
301  0.150898  183.495241  0.983740  15.471776   8.982454   6.174828   3.725621   56.392320   33.672119
302  0.151396  185.323417  0.983899  15.607181   9.064123   6.248551   3.767512   56.880077   33.949275
303  0.151894  187.162089  0.984057  15.743302   9.146169   6.322991   3.809810   57.370959   34.228197
304  0.152392  189.011858  0.984212  15.880143   9.228592   6.398154   3.852515   57.864982   34.508890
305  0.152890  190.872265  0.984365  16.017707   9.311396   6.474043   3.895633   58.362159   34.791366
306  0.153388  192.743698  0.984516  16.155996   9.394582   6.550666   3.939165   58.862508   35.075631
307  0.153886  194.625997  0.984665  16.295015   9.478152   6.628028   3.983115   59.366042   35.361697
308  0.154384  196.519118  0.984812  16.434767   9.562109   6.706134   4.027487   59.872778   35.649573
309  0.154882  198.423474  0.984957  16.575254   9.646455   6.784989   4.072283   60.382729   35.939264
310  0.155380  200.338843  0.985100  16.716481   9.731191   6.864600   4.117506   60.895913   36.230782
311  0.155878  202.265595  0.985241  16.858450   9.816320   6.944972   4.163160   61.412344   36.524132
312  0.156376  204.203142  0.985381  17.001164   9.901844   7.026110   4.209249   61.932037   36.819331
313  0.156874  206.152213  0.985518  17.144627   9.987766   7.108021   4.255774   62.455008   37.116379
314  0.157372  208.112567  0.985654  17.288843  10.074086   7.190709   4.302740   62.981273   37.415290
315  0.157870  210.084148  0.985788  17.433814  10.160807   7.274181   4.350150   63.510847   37.716073
316  0.158368  212.067478  0.985920  17.579543  10.247932   7.358443   4.398006   64.043746   38.018732
317  0.158866  214.061931  0.986051  17.726035  10.335463   7.443500   4.446313   64.579984   38.323284
318  0.159364  216.067833  0.986180  17.873292  10.423401   7.529357   4.495074   65.119579   38.629735
319  0.159862  218.085783  0.986307  18.021318  10.511749   7.616022   4.544291   65.662546   38.938088
320  0.160360  220.115015  0.986433  18.170116  10.600508   7.703499   4.593970   66.208899   39.248361
321  0.160858  222.156108  0.986557  18.319689  10.689682   7.791795   4.644111   66.758656   39.560558
322  0.161356  224.208803  0.986679  18.470041  10.779272   7.880916   4.694720   67.311832   39.874690
323  0.161854  226.273502  0.986800  18.621176  10.869280   7.970867   4.745800   67.868442   40.190765
324  0.162352  228.349980  0.986920  18.773095  10.959708   8.061655   4.797353   68.428504   40.508793
325  0.162850  230.438535  0.987038  18.925804  11.050559   8.153285   4.849384   68.992031   40.828781
326  0.163348  232.538880  0.987154  19.079304  11.141834   8.245764   4.901895   69.559042   41.150743
327  0.163846  234.650974  0.987270  19.233600  11.233536   8.339098   4.954892   70.129551   41.474688
328  0.164344  236.775116  0.987383  19.388696  11.325667   8.433293   5.008376   70.703575   41.800624
329  0.164842  238.912175  0.987496  19.544593  11.418229   8.528354   5.062351   71.281130   42.128551
330  0.165340  241.060917  0.987607  19.701297  11.511224   8.624289   5.116821   71.862231   42.458492
331  0.165838  243.221621  0.987716  19.858809  11.604654   8.721103   5.171791   72.446896   42.790454
332  0.166336  245.395071  0.987825  20.017135  11.698522   8.818803   5.227261   73.035140   43.124439
333  0.166834  247.580480  0.987932  20.176276  11.792830   8.917395   5.283238   73.626979   43.460465
334  0.167332  249.778680  0.988037  20.336237  11.887579   9.016885   5.339724   74.222431   43.798534
335  0.167830  251.989191  0.988142  20.497021  11.982772   9.117279   5.396723   74.821510   44.138660
336  0.168328  254.212258  0.988245  20.658631  12.078411   9.218585   5.454238   75.424235   44.480852
337  0.168826  256.447736  0.988347  20.821071  12.174499   9.320807   5.512274   76.030620   44.825120
338  0.169324  258.695947  0.988448  20.984344  12.271036   9.423954   5.570833   76.640682   45.171472
339  0.169822  260.956738  0.988548  21.148454  12.368027   9.528030   5.629921   77.254439   45.519919
340  0.170320  263.230391  0.988646  21.313405  12.465472   9.633044   5.689539   77.871906   45.870469
341  0.170818  265.516667  0.988744  21.479199  12.563374   9.739000   5.749693   78.493100   46.223134
342  0.171316  267.815879  0.988840  21.645841  12.661735   9.845907   5.810385   79.118038   46.577922
343  0.171814  270.128066  0.988935  21.813333  12.760557   9.953770   5.871620   79.746736   46.934841
344  0.172312  272.453104  0.989029  21.981680  12.859843  10.062595   5.933402   80.379211   47.293904
345  0.172810  274.791194  0.989122  22.150885  12.959594  10.172391   5.995734   81.015480   47.655120
346  0.173308  277.142561  0.989214  22.320951  13.059813  10.283162   6.058619   81.655559   48.018495
347  0.173806  279.506916  0.989305  22.491882  13.160502  10.394917   6.122063   82.299466   48.384043
348  0.174304  281.883807  0.989395  22.663681  13.261663  10.507661   6.186069   82.947217   48.751779
349  0.174802  284.274603  0.989484  22.836352  13.363299  10.621402   6.250640   83.598829   49.121701
350  0.175300  286.678614  0.989572  23.009899  13.465411  10.736147   6.315781   84.254319   49.493824
351  0.175798  289.095970  0.989659  23.184325  13.568002  10.851901   6.381495   84.913704   49.868159
352  0.176296  291.526847  0.989745  23.359634  13.671074  10.968673   6.447787   85.577001   50.244714
353  0.176794  293.970843  0.989830  23.535829  13.774628  11.086469   6.514660   86.244227   50.623503
354  0.177292  296.428516  0.989914  23.712914  13.878669  11.205295   6.582118   86.915400   51.004532
355  0.177790  298.899733  0.989997  23.890892  13.983197  11.325160   6.650166   87.590535   51.387812
356  0.178288  301.384670  0.990079  24.069768  14.088215  11.446069   6.718808   88.269652   51.773352
357  0.178786  303.883115  0.990160  24.249544  14.193724  11.568030   6.788047   88.952765   52.161164
358  0.179284  306.395390  0.990241  24.430224  14.299728  11.691050   6.857887   89.639894   52.551257
359  0.179782  308.921693  0.990320  24.611813  14.406229  11.815137   6.928333   90.331055   52.943639
360  0.180280  311.461319  0.990399  24.794313  14.513228  11.940296   6.999389   91.026266   53.338327
361  0.180778  314.015299  0.990477  24.977728  14.620728  12.066536   7.071058   91.725543   53.735322
362  0.181276  316.582962  0.990554  25.162063  14.728731  12.193864   7.143346   92.428905   54.134641
363  0.181774  319.164665  0.990630  25.347320  14.837240  12.322287   7.216255   93.136369   54.536292
364  0.182272  321.760536  0.990705  25.533503  14.946256  12.451811   7.289791   93.847952   54.940284
365  0.182770  324.370666  0.990780  25.720616  15.055783  12.582445   7.363958   94.563672   55.346626
366  0.183268  326.994438  0.990854  25.908662  15.165821  12.714196   7.438759   95.283546   55.755336
367  0.183766  329.633179  0.990927  26.097646  15.276374  12.847071   7.514199   96.007592   56.166412
368  0.184264  332.285863  0.990999  26.287571  15.387443  12.981078   7.590282   96.735828   56.579873
369  0.184762  334.952777  0.991070  26.478440  15.499031  13.116223   7.667013   97.468271   56.995729
370  0.185260  337.634393  0.991141  26.670258  15.611141  13.252515   7.744395   98.204940   57.413986
371  0.185758  340.330189  0.991211  26.863028  15.723774  13.389961   7.822434   98.945851   57.834659
372  0.186256  343.041165  0.991280  27.056754  15.836932  13.528568   7.901132   99.691023   58.257751
373  0.186754  345.765694  0.991349  27.251440  15.950619  13.668345   7.980496  100.440474   58.683286
374  0.187252  348.506204  0.991417  27.447089  16.064836  13.809298   8.060528  101.194221   59.111255
375  0.187750  351.259933  0.991484  27.643705  16.179585  13.951436   8.141235  101.952283   59.541691
376  0.188248  354.029140  0.991550  27.841292  16.294869  14.094765   8.222620  102.714677   59.974588
377  0.188746  356.813426  0.991616  28.039853  16.410691  14.239294   8.304686  103.481421   60.409958
378  0.189244  359.612036  0.991681  28.239393  16.527051  14.385031   8.387439  104.252534   60.847820
379  0.189742  362.425882  0.991745  28.439915  16.643954  14.531983   8.470884  105.028033   61.288176
380  0.190240  365.254056  0.991809  28.641423  16.761400  14.680158   8.555025  105.807937   61.731046
381  0.190738  368.098592  0.991872  28.843921  16.879393  14.829563   8.639865  106.592264   62.176424
382  0.191236  370.957920  0.991935  29.047412  16.997934  14.980208   8.725410  107.381032   62.624334
383  0.191734  373.831300  0.991996  29.251901  17.117026  15.132099   8.811666  108.174259   63.074791
384  0.192232  376.720643  0.992058  29.457391  17.236671  15.285245   8.898635  108.971964   63.527793
385  0.192730  379.625458  0.992118  29.663887  17.356872  15.439654   8.986322  109.774164   63.983355
386  0.193228  382.545421  0.992178  29.871391  17.477631  15.595333   9.074733  110.580879   64.441490
387  0.193726  385.481046  0.992238  30.079908  17.598950  15.752291   9.163871  111.392127   64.902206
388  0.194224  388.431597  0.992297  30.289441  17.720831  15.910536   9.253742  112.207926   65.365518
389  0.194722  391.397735  0.992355  30.499995  17.843277  16.070076   9.344350  113.028295   65.831434
390  0.195220  394.379855  0.992412  30.711573  17.966290  16.230918   9.435699  113.853252   66.299961
391  0.195718  397.376966  0.992469  30.924180  18.089873  16.393073   9.527796  114.682816   66.771118
392  0.196216  400.390682  0.992526  31.137818  18.214028  16.556546   9.620643  115.517005   67.244906
393  0.196714  403.419645  0.992582  31.352493  18.338757  16.721348   9.714246  116.355838   67.721344
394  0.197212  406.464357  0.992637  31.568208  18.464062  16.887486   9.808611  117.199334   68.200440
395  0.197710  409.525117  0.992692  31.784966  18.589946  17.054968   9.903740  118.047512   68.682204
396  0.198208  412.601440  0.992747  32.002772  18.716412  17.223803   9.999641  118.900389   69.166650
397  0.198706  415.694223  0.992801  32.221630  18.843461  17.393999  10.096316  119.757986   69.653784
398  0.199204  418.802788  0.992854  32.441543  18.971096  17.565565  10.193772  120.620321   70.143621
399  0.199702  421.927637  0.992907  32.662516  19.099319  17.738510  10.292012  121.487413   70.636169
400  0.200200  425.068708  0.992959  32.884553  19.228133  17.912841  10.391042  122.359281   71.131441
401  0.200698  428.225845  0.993011  33.107657  19.357540  18.088567  10.490868  123.235943   71.629449
402  0.201196  431.399408  0.993062  33.331832  19.487542  18.265697  10.591492  124.117419   72.130202
403  0.201694  434.588896  0.993113  33.557083  19.618143  18.444240  10.692923  125.003728   72.633714
404  0.202192  437.795077  0.993163  33.783413  19.749343  18.624204  10.795162  125.894889   73.139992
405  0.202690  441.018307  0.993213  34.010826  19.881147  18.805597  10.898215  126.790921   73.649045
406  0.203188  444.256942  0.993262  34.239327  20.013555  18.988430  11.002090  127.691843   74.160896
407  0.203686  447.513395  0.993311  34.468919  20.146570  19.172710  11.106788  128.597675   74.675540
408  0.204184  450.785341  0.993360  34.699607  20.280196  19.358446  11.212317  129.508436   75.193004
409  0.204682  454.074040  0.993408  34.931393  20.414433  19.545647  11.318681  130.424144   75.713292
410  0.205180  457.380037  0.993455  35.164284  20.549285  19.734323  11.425884  131.344820   76.236411
411  0.205678  460.702398  0.993502  35.398281  20.684755  19.924481  11.533934  132.270483   76.762379
412  0.206176  464.042783  0.993549  35.633391  20.820843  20.116131  11.642832  133.201152   77.291198
413  0.206674  467.399268  0.993595  35.869616  20.957554  20.309282  11.752587  134.136847   77.822891
414  0.207172  470.772522  0.993641  36.106960  21.094889  20.503943  11.863202  135.077587   78.357465
415  0.207670  474.163592  0.993686  36.345428  21.232850  20.700123  11.974683  136.023391   78.894926
416  0.208168  477.571427  0.993731  36.585024  21.371441  20.897831  12.087036  136.974280   79.435292
417  0.208666  480.996731  0.993776  36.825751  21.510663  21.097076  12.200265  137.930272   79.978571
418  0.209164  484.438888  0.993820  37.067615  21.650519  21.297868  12.314376  138.891388   80.524778
419  0.209662  487.898533  0.993864  37.310619  21.791012  21.500215  12.429373  139.857648   81.073921
420  0.210160  491.375213  0.993907  37.554766  21.932144  21.704128  12.545264  140.829070   81.626015
421  0.210658  494.869644  0.993950  37.800062  22.073917  21.909614  12.662052  141.805675   82.181066
422  0.211156  498.381858  0.993993  38.046511  22.216334  22.116685  12.779743  142.787483   82.739088
423  0.211654  501.910505  0.994035  38.294116  22.359397  22.325348  12.898343  143.774513   83.300099
424  0.212152  505.458059  0.994077  38.542881  22.503109  22.535614  13.017856  144.766785   83.864097
425  0.212650  509.023706  0.994118  38.792811  22.647472  22.747491  13.138288  145.764320   84.431099
426  0.213148  512.605777  0.994159  39.043911  22.792489  22.960990  13.259647  146.767137   85.001127
427  0.213646  516.205514  0.994200  39.296183  22.938162  23.176120  13.381936  147.775257   85.574184
428  0.214144  519.824972  0.994240  39.549632  23.084494  23.392890  13.505158  148.788698   86.150273
429  0.214642  523.461829  0.994280  39.804263  23.231487  23.611311  13.629323  149.807482   86.729417
430  0.215140  527.115673  0.994319  40.060080  23.379143  23.831391  13.754435  150.831629   87.311630
431  0.215638  530.787436  0.994359  40.317087  23.527466  24.053141  13.880501  151.861159   87.896921
432  0.216136  534.478405  0.994398  40.575287  23.676457  24.276569  14.007523  152.896091   88.485293
433  0.216634  538.186541  0.994436  40.834686  23.826119  24.501687  14.135510  153.936447   89.076771
434  0.217132  541.913845  0.994474  41.095287  23.976455  24.728503  14.264465  154.982246   89.671355
435  0.217630  545.659387  0.994512  41.357095  24.127467  24.957028  14.394395  156.033510   90.269062
436  0.218128  549.423222  0.994550  41.620114  24.279158  25.187271  14.525306  157.090257   90.869905
437  0.218626  553.204938  0.994587  41.884348  24.431530  25.419243  14.657205  158.152510   91.473897
438  0.219124  557.005585  0.994624  42.149801  24.584585  25.652953  14.790094  159.220287   92.081046
439  0.219622  560.825159  0.994660  42.416478  24.738327  25.888412  14.923982  160.293610   92.691363
440  0.220120  564.663452  0.994697  42.684383  24.892758  26.125628  15.058873  161.372500   93.304863
441  0.220618  568.518950  0.994732  42.953520  25.047879  26.364614  15.194774  162.456976   93.921563
442  0.221116  572.394195  0.994768  43.223893  25.203695  26.605377  15.331691  163.547060   94.541466
443  0.221614  576.288692  0.994803  43.495508  25.360207  26.847930  15.469627  164.642771   95.164584
444  0.222112  580.201470  0.994838  43.768367  25.517418  27.092281  15.608592  165.744132   95.790936
445  0.222610  584.133811  0.994873  44.042476  25.675330  27.338442  15.748588  166.851162   96.420527
446  0.223108  588.083997  0.994907  44.317838  25.833946  27.586422  15.889625  167.963883   97.053378
447  0.223606  592.054606  0.994941  44.594459  25.993269  27.836232  16.031705  169.082315   97.689489
448  0.224104  596.044758  0.994975  44.872341  26.153301  28.087881  16.174835  170.206478   98.328877
449  0.224602  600.053320  0.995009  45.151491  26.314044  28.341382  16.319023  171.336395   98.971558
450  0.225100  604.081700  0.995042  45.431911  26.475502  28.596743  16.464273  172.472086   99.617540
451  0.225598  608.127726  0.995075  45.713607  26.637677  28.853976  16.610593  173.613571  100.266845
452  0.226096  612.194033  0.995108  45.996582  26.800571  29.113091  16.757987  174.760872  100.919473
453  0.226594  616.280577  0.995140  46.280842  26.964187  29.374098  16.906461  175.914011  101.575436
454  0.227092  620.385947  0.995172  46.566390  27.128528  29.637009  17.056023  177.073007  102.234754
455  0.227590  624.510904  0.995204  46.853231  27.293595  29.901833  17.206678  178.237883  102.897436
456  0.228088  628.654536  0.995235  47.141369  27.459393  30.168582  17.358433  179.408659  103.563498
457  0.228586  632.820355  0.995267  47.430808  27.625923  30.437266  17.511291  180.585356  104.232937
458  0.229084  637.005276  0.995298  47.721554  27.793187  30.707895  17.665261  181.767997  104.905780
459  0.229582  641.209530  0.995329  48.013610  27.961190  30.980482  17.820350  182.956602  105.582038
460  0.230080  645.433339  0.995359  48.306981  28.129932  31.255036  17.976563  184.151192  106.261724
461  0.230578  649.677909  0.995389  48.601672  28.299418  31.531569  18.133905  185.351790  106.944843
462  0.231076  653.943113  0.995419  48.897686  28.469648  31.810091  18.292383  186.558415  107.631410
463  0.231574  658.226679  0.995449  49.195028  28.640627  32.090613  18.452006  187.771091  108.321447
464  0.232072  662.531750  0.995479  49.493703  28.812357  32.373147  18.612777  188.989838  109.014953
465  0.232570  666.856302  0.995508  49.793715  28.984839  32.657703  18.774704  190.214678  109.711950
466  0.233068  671.202480  0.995537  50.095069  29.158078  32.944293  18.937792  191.445632  110.412441
467  0.233566  675.567285  0.995566  50.397769  29.332075  33.232928  19.102050  192.682723  111.116452
468  0.234064  679.953356  0.995594  50.701819  29.506833  33.523618  19.267482  193.925971  111.823985
469  0.234562  684.360240  0.995623  51.007224  29.682356  33.816375  19.434095  195.175399  112.535054
470  0.235060  688.787511  0.995651  51.313989  29.858645  34.111211  19.601895  196.431028  113.249673
471  0.235558  693.234533  0.995679  51.622118  30.035702  34.408137  19.770891  197.692880  113.967859
472  0.236056  697.703916  0.995706  51.931615  30.213532  34.707163  19.941086  198.960977  114.689614
473  0.236554  702.192883  0.995734  52.242486  30.392136  35.008302  20.112489  200.235341  115.414962
474  0.237052  706.704422  0.995761  52.554734  30.571518  35.311565  20.285105  201.515994  116.143903
475  0.237550  711.234999  0.995788  52.868365  30.751679  35.616962  20.458943  202.802957  116.876465
476  0.238048  715.787635  0.995815  53.183382  30.932623  35.924507  20.634007  204.096253  117.612649
477  0.238546  720.360176  0.995841  53.499790  31.114352  36.234210  20.810305  205.395903  118.352476
478  0.239044  724.954766  0.995868  53.817594  31.296869  36.546083  20.987844  206.701930  119.095951
479  0.239542  729.569983  0.995894  54.136799  31.480176  36.860138  21.166630  208.014356  119.843092
480  0.240040  734.206241  0.995920  54.457409  31.664277  37.176386  21.346670  209.333203  120.593912
481  0.240538  738.864833  0.995945  54.779428  31.849174  37.494839  21.527969  210.658493  121.348417
482  0.241036  743.545928  0.995971  55.102861  32.034869  37.815508  21.710535  211.990249  122.106621
483  0.241534  748.245212  0.995996  55.427714  32.221366  38.138407  21.894378  213.328492  122.868553
484  0.242032  752.969533  0.996021  55.753989  32.408666  38.463545  22.079499  214.673246  123.634201
485  0.242530  757.713516  0.996046  56.081693  32.596774  38.790937  22.265909  216.024531  124.403597
486  0.243028  762.479851  0.996071  56.410830  32.785691  39.120592  22.453613  217.382372  125.176745
487  0.243526  767.269280  0.996095  56.741403  32.975421  39.452524  22.642618  218.746789  125.953656
488  0.244024  772.077584  0.996119  57.073419  33.165965  39.786744  22.832933  220.117807  126.734357
489  0.244522  776.908391  0.996144  57.406881  33.357327  40.123264  23.024564  221.495446  127.518850
490  0.245020  781.763455  0.996167  57.741795  33.549510  40.462097  23.217515  222.879730  128.307141
491  0.245518  786.635804  0.996191  58.078164  33.742515  40.803255  23.411799  224.270682  129.099268
492  0.246016  791.535807  0.996215  58.415994  33.936347  41.146749  23.607415  225.668323  129.895208
493  0.246514  796.455127  0.996238  58.755290  34.131007  41.492593  23.804377  227.072678  130.695004
494  0.247012  801.398555  0.996261  59.096055  34.326499  41.840798  24.002688  228.483767  131.498651
495  0.247510  806.361952  0.996284  59.438295  34.522825  42.191376  24.202358  229.901615  132.306179
496  0.248008  811.350179  0.996307  59.782015  34.719988  42.544341  24.403391  231.326243  133.117583
497  0.248506  816.358189  0.996330  60.127218  34.917991  42.899704  24.605798  232.757676  133.932895
498  0.249004  821.387317  0.996352  60.473911  35.116836  43.257479  24.809585  234.195935  134.752123
499  0.249502  826.444195  0.996374  60.822097  35.316526  43.617677  25.014754  235.641044  135.575257
500  0.250000  831.521368  0.996396  61.171781  35.517065  43.980311  25.221318  237.093025  136.402338
501  0.250498  836.620868  0.996418  61.522969  35.718454  44.345394  25.429284  238.551901  137.233371