      density       alpha     S_nem     F(iso)     F(nem)     P(iso)     P(nem)     mu(iso)     mu(nem)
0    0.001000    2.487070  0.261968  -7.869999  -8.025045   0.001038   0.001037   -6.831947   -6.987884
1    0.001498    2.492278  0.262674  -7.446845  -7.602337   0.001584   0.001582   -6.389399   -6.546243
2    0.001996    2.497560  0.263389  -7.140659  -7.296603   0.002150   0.002146   -6.063521   -6.221291
3    0.002494    2.502916  0.264114  -6.898596  -7.054999   0.002736   0.002730   -5.801465   -5.960180
4    0.002992    2.508348  0.264848  -6.697072  -6.853939   0.003343   0.003335   -5.579646   -5.739322
5    0.003490    2.513853  0.265591  -6.523492  -6.680830   0.003972   0.003960   -5.385467   -5.546123
6    0.003988    2.519439  0.266345  -6.370333  -6.528148   0.004622   0.004607   -5.211401   -5.373056
7    0.004486    2.525102  0.267109  -6.232739  -6.391036   0.005294   0.005275   -5.052591   -5.215263
8    0.004984    2.530842  0.267882  -6.107393  -6.266179   0.005989   0.005965   -4.905717   -5.069425
9    0.005482    2.536665  0.268666  -5.991927  -6.151208   0.006707   0.006677   -4.768410   -4.933172
10   0.005980    2.542570  0.269459  -5.884595  -6.044377   0.007449   0.007413   -4.638919   -4.804756
11   0.006478    2.548556  0.270263  -5.784067  -5.944356   0.008215   0.008172   -4.515914   -4.682845
12   0.006976    2.554626  0.271078  -5.689311  -5.850114   0.009006   0.008955   -4.398359   -4.566404
13   0.007474    2.560782  0.271903  -5.599507  -5.760831   0.009821   0.009763   -4.285434   -4.454612
14   0.007972    2.567024  0.272739  -5.513997  -5.675846   0.010663   0.010595   -4.176475   -4.346807
15   0.008470    2.573354  0.273585  -5.432238  -5.594621   0.011530   0.011453   -4.070939   -4.242446
16   0.008968    2.579774  0.274443  -5.353783  -5.516706   0.012424   0.012337   -3.968376   -4.141079
17   0.009466    2.586285  0.275312  -5.278258  -5.441727   0.013346   0.013247   -3.868408   -4.042327
18   0.009964    2.592888  0.276193  -5.205343  -5.369366   0.014295   0.014184   -3.770714   -3.945872
19   0.010462    2.599587  0.277085  -5.134769  -5.299351   0.015272   0.015148   -3.675021   -3.851439
20   0.010960    2.606381  0.277988  -5.066300  -5.231450   0.016278   0.016140   -3.581091   -3.758793
21   0.011458    2.613274  0.278904  -4.999736  -5.165459   0.017313   0.017161   -3.488721   -3.667729
22   0.011956    2.620268  0.279832  -4.934899  -5.101203   0.018378   0.018211   -3.397730   -3.578067
23   0.012454    2.627363  0.280772  -4.871633  -5.038525   0.019474   0.019290   -3.307961   -3.489651
24   0.012952    2.634563  0.281725  -4.809802  -4.977290   0.020601   0.020399   -3.219273   -3.402340
25   0.013450    2.641870  0.282691  -4.749284  -4.917374   0.021759   0.021538   -3.131541   -3.316010
26   0.013948    2.649286  0.283670  -4.689971  -4.858671   0.022949   0.022709   -3.044655   -3.230551
27   0.014446    2.656814  0.284663  -4.631765  -4.801083   0.024172   0.023911   -2.958515   -3.145864
28   0.014944    2.664456  0.285669  -4.574579  -4.744522   0.025428   0.025146   -2.873029   -3.061857
29   0.015442    2.672215  0.286689  -4.518333  -4.688910   0.026718   0.026413   -2.788116   -2.978450
30   0.015940    2.680093  0.287723  -4.462958  -4.634176   0.028043   0.027713   -2.703702   -2.895569
31   0.016438    2.688094  0.288771  -4.408387  -4.580254   0.029402   0.029048   -2.619718   -2.813147
32   0.016936    2.696220  0.289835  -4.354561  -4.527086   0.030797   0.030416   -2.536102   -2.731122
33   0.017434    2.704477  0.290914  -4.301427  -4.474617   0.032229   0.031820   -2.452797   -2.649437
34   0.017932    2.712865  0.292008  -4.248934  -4.422798   0.033698   0.033260   -2.369750   -2.568040
35   0.018430    2.721389  0.293119  -4.197036  -4.371583   0.035204   0.034735   -2.286912   -2.486883
36   0.018928    2.730053  0.294245  -4.145693  -4.320931   0.036748   0.036247   -2.204237   -2.405921
37   0.019426    2.738860  0.295389  -4.094863  -4.270802   0.038331   0.037797   -2.121684   -2.325114
38   0.019924    2.747814  0.296549  -4.044513  -4.221161   0.039954   0.039385   -2.039213   -2.244422
39   0.020422    2.756920  0.297727  -3.994608  -4.171974   0.041616   0.041011   -1.956788   -2.163810
40   0.020920    2.766181  0.298923  -3.945117  -4.123211   0.043320   0.042676   -1.874373   -2.083245
41   0.021418    2.775604  0.300137  -3.896011  -4.074842   0.045065   0.044381   -1.791936   -2.002694
42   0.021916    2.785191  0.301371  -3.847262  -4.026841   0.046852   0.046127   -1.709447   -1.922129
43   0.022414    2.794950  0.302624  -3.798847  -3.979183   0.048683   0.047914   -1.626878   -1.841521
44   0.022912    2.804884  0.303897  -3.750740  -3.931843   0.050556   0.049742   -1.544200   -1.760846
45   0.023410    2.814999  0.305190  -3.702920  -3.884801   0.052474   0.051613   -1.461388   -1.680077
46   0.023908    2.825302  0.306505  -3.655365  -3.838035   0.054437   0.053526   -1.378418   -1.599192
47   0.024406    2.835797  0.307841  -3.608056  -3.791525   0.056446   0.055484   -1.295266   -1.518169
48   0.024904    2.846492  0.309200  -3.560975  -3.745254   0.058501   0.057485   -1.211910   -1.436988
49   0.025402    2.857393  0.310582  -3.514103  -3.699204   0.060603   0.059532   -1.128328   -1.355627
50   0.025900    2.868507  0.311988  -3.467425  -3.653358   0.062754   0.061624   -1.044501   -1.274070
51   0.026398    2.879842  0.313418  -3.420923  -3.607702   0.064953   0.063762   -0.960409   -1.192297
52   0.026896    2.891404  0.314873  -3.374584  -3.562220   0.067201   0.065947   -0.876033   -1.110292
53   0.027394    2.903203  0.316354  -3.328393  -3.516899   0.069500   0.068180   -0.791356   -1.028039
54   0.027892    2.915247  0.317862  -3.282337  -3.471725   0.071849   0.070461   -0.706359   -0.945522
55   0.028390    2.927541  0.319398  -3.236403  -3.426686   0.074251   0.072791   -0.621027   -0.862726
56   0.028888    2.940100  0.320962  -3.190579  -3.381770   0.076704   0.075170   -0.535343   -0.779639
57   0.029386    2.952930  0.322556  -3.144852  -3.336966   0.079212   0.077600   -0.449292   -0.696245
58   0.029884    2.966043  0.324180  -3.099213  -3.292263   0.081773   0.080081   -0.362858   -0.612534
59   0.030382    2.979447  0.325835  -3.053649  -3.247650   0.084390   0.082613   -0.276027   -0.528491
60   0.030880    2.993157  0.327523  -3.008152  -3.203119   0.087062   0.085198   -0.188785   -0.444107
61   0.031378    3.007182  0.329244  -2.962710  -3.158658   0.089791   0.087836   -0.101118   -0.359369
62   0.031876    3.021534  0.331000  -2.917316  -3.114261   0.092578   0.090528   -0.013012   -0.274267
63   0.032374    3.036227  0.332791  -2.871959  -3.069917   0.095423   0.093274    0.075546   -0.188791
64   0.032872    3.051273  0.334620  -2.826632  -3.025619   0.098327   0.096075    0.164568   -0.102931
65   0.033370    3.066687  0.336486  -2.781325  -2.981359   0.101291   0.098931    0.254067   -0.016679
66   0.033868    3.082483  0.338392  -2.736031  -2.937129   0.104316   0.101845    0.344056    0.069975
67   0.034366    3.098677  0.340338  -2.690743  -2.892923   0.107404   0.104815    0.434545    0.157039
68   0.034864    3.115284  0.342327  -2.645451  -2.848733   0.110554   0.107843    0.525548    0.244520
69   0.035362    3.132322  0.344359  -2.600151  -2.804552   0.113768   0.110930    0.617075    0.332426
70   0.035860    3.149807  0.346435  -2.554833  -2.760375   0.117046   0.114076    0.709137    0.420765
71   0.036358    3.167757  0.348558  -2.509493  -2.716195   0.120390   0.117281    0.801747    0.509541
72   0.036856    3.186192  0.350729  -2.464122  -2.672006   0.123801   0.120547    0.894914    0.598762
73   0.037354    3.205134  0.352949  -2.418716  -2.627804   0.127279   0.123875    0.988650    0.688433
74   0.037852    3.224597  0.355220  -2.373267  -2.583581   0.130825   0.127264    1.082964    0.778560
75   0.038350    3.244604  0.357542  -2.327770  -2.539334   0.134441   0.130715    1.177868    0.869148
76   0.038848    3.265178  0.359919  -2.282219  -2.495057   0.138128   0.134230    1.273373    0.960200
77   0.039346    3.286341  0.362351  -2.236609  -2.450745   0.141885   0.137808    1.369486    1.051721
78   0.039844    3.308116  0.364841  -2.190933  -2.406394   0.145716   0.141451    1.466220    1.143714
79   0.040342    3.330525  0.367388  -2.145187  -2.362000   0.149619   0.145158    1.563584    1.236184
80   0.040840    3.353594  0.369996  -2.099366  -2.317558   0.153597   0.148931    1.661588    1.329132
81   0.041338    3.377346  0.372665  -2.053464  -2.273064   0.157651   0.152770    1.760241    1.422561
82   0.041836    3.401808  0.375396  -2.007477  -2.228514   0.161781   0.156675    1.859553    1.516474
83   0.042334    3.427002  0.378192  -1.961399  -2.183905   0.165989   0.160648    1.959534    1.610871
84   0.042832    3.452956  0.381053  -1.915226  -2.139232   0.170275   0.164688    2.060193    1.705754
85   0.043330    3.479694  0.383981  -1.868954  -2.094493   0.174641   0.168797    2.161540    1.801125
86   0.043828    3.507240  0.386976  -1.822578  -2.049685   0.179088   0.172975    2.263583    1.896984
87   0.044326    3.535622  0.390039  -1.776094  -2.004804   0.183617   0.177221    2.366333    1.993331
88   0.044824    3.564863  0.393171  -1.729497  -1.959846   0.188229   0.181538    2.469798    2.090166
89   0.045322    3.594984  0.396372  -1.682783  -1.914810   0.192925   0.185924    2.573987    2.187490
90   0.045820    3.626015  0.399644  -1.635949  -1.869693   0.197707   0.190382    2.678910    2.285302
91   0.046318    3.657976  0.402985  -1.588989  -1.824491   0.202575   0.194910    2.784575    2.383602
92   0.046816    3.690889  0.406396  -1.541900  -1.779203   0.207530   0.199511    2.890992    2.482388
93   0.047314    3.724776  0.409877  -1.494679  -1.733826   0.212575   0.204183    2.998169    2.581661
94   0.047812    3.759657  0.413427  -1.447321  -1.688358   0.217709   0.208928    3.106116    2.681419
95   0.048310    3.795552  0.417046  -1.399822  -1.642796   0.222934   0.213746    3.214841    2.781661
96   0.048808    3.832480  0.420732  -1.352180  -1.597139   0.228252   0.218637    3.324354    2.882386
97   0.049306    3.870457  0.424485  -1.304390  -1.551384   0.233664   0.223602    3.434662    2.983595
98   0.049804    3.909505  0.428303  -1.256448  -1.505530   0.239170   0.228641    3.545775    3.085284
99   0.050302    3.949639  0.432185  -1.208352  -1.459575   0.244772   0.233755    3.657702    3.187454
100  0.050800    3.990879  0.436130  -1.160097  -1.413516   0.250472   0.238944    3.770452    3.290103
101  0.051298    4.033243  0.440136  -1.111681  -1.367354   0.256270   0.244208    3.884032    3.393231
102  0.051796    4.076749  0.444203  -1.063099  -1.321085   0.262168   0.249549    3.998453    3.496835
103  0.052294    4.121420  0.448327  -1.014350  -1.274708   0.268167   0.254966    4.113722    3.600916
104  0.052792    4.167280  0.452509  -0.965428  -1.228222   0.274269   0.260459    4.229848    3.705470
105  0.053290    4.214355  0.456748  -0.916332  -1.181626   0.280474   0.266030    4.346840    3.810497
106  0.053788    4.262675  0.461041  -0.867057  -1.134918   0.286785   0.271678    4.464707    3.915994
107  0.054286    4.312272  0.465389  -0.817602  -1.088097   0.293202   0.277404    4.583458    4.021958
108  0.054784    4.363191  0.469791  -0.767962  -1.041162   0.299727   0.283209    4.703101    4.128387
109  0.055282    4.415476  0.474247  -0.718134  -0.994112   0.306361   0.289091    4.823644    4.235275
110  0.055780    4.469180  0.478758  -0.668116  -0.946945   0.313105   0.295052    4.945097    4.342618
111  0.056278    4.524364  0.483324  -0.617904  -0.899662   0.319961   0.301091    5.067468    4.450411
112  0.056776    4.581099  0.487947  -0.567496  -0.852260   0.326931   0.307210    5.190766    4.558645
113  0.057274    4.639468  0.492628  -0.516888  -0.804740   0.334016   0.313406    5.314999    4.667313
114  0.057772    4.699565  0.497371  -0.466078  -0.757101   0.341216   0.319682    5.440177    4.776403
115  0.058270    4.761499  0.502177  -0.415062  -0.709341   0.348534   0.326035    5.566307    4.885904
116  0.058768    4.825393  0.507050  -0.363839  -0.661462   0.355972   0.332466    5.693399    4.995801
117  0.059266    4.891392  0.511997  -0.312403  -0.613462   0.363530   0.338974    5.821462    5.106077
118  0.059764    4.959658  0.517020  -0.260754  -0.565342   0.371210   0.345559    5.950503    5.216712
119  0.060262    5.030377  0.522127  -0.208888  -0.517101   0.379013   0.352218    6.080532    5.327683
120  0.060760    5.103764  0.527325  -0.156803  -0.468740   0.386942   0.358952    6.211558    5.438962
121  0.061258    5.180067  0.532622  -0.104495  -0.420260   0.394997   0.365758    6.343590    5.550519
122  0.061756    5.259568  0.538028  -0.051962  -0.371661   0.403180   0.372634    6.476635    5.662316
123  0.062254    5.342587  0.543552   0.000799  -0.322944   0.411493   0.379579    6.610703    5.774312
124  0.062752    5.429507  0.549208   0.053791  -0.274112   0.419937   0.386588    6.745803    5.886457
125  0.063250    5.520753  0.555008   0.107016  -0.225165   0.428514   0.393659    6.881943    5.998694
126  0.063748    5.616819  0.560967   0.160476  -0.176105   0.437226   0.400788    7.019133    6.110959
127  0.064246    5.718274  0.567102   0.214176  -0.126936   0.446073   0.407969    7.157380    6.223178
128  0.064744    5.825770  0.573430   0.268117  -0.077661   0.455058   0.415199    7.296695    6.335266
129  0.065242    5.940046  0.579970   0.322302  -0.028283   0.464183   0.422469    7.437086    6.447126
130  0.065740    6.061931  0.586742   0.376734   0.021192   0.473448   0.429773    7.578562    6.558655
131  0.066238    6.192342  0.593763   0.431415   0.070761   0.482856   0.437103    7.721131    6.669737
132  0.066736    6.332258  0.601050   0.486348   0.120417   0.492409   0.444451    7.864803    6.780255
133  0.067234    6.482671  0.608612   0.541536   0.170154   0.502107   0.451808    8.009587    6.890091
134  0.067732    6.644504  0.616449   0.596980   0.219963   0.511953   0.459168    8.155492    6.999148
135  0.068230    6.818467  0.624545   0.652685   0.269839   0.521949   0.466524    8.302526    7.107359
136  0.068728    7.004888  0.632866   0.708651   0.319773   0.532095   0.473876    8.450699    7.214720
137  0.069226    7.203505  0.641350   0.764882   0.369758   0.542395   0.481228    8.600019    7.321305
138  0.069724    7.413321  0.649911   0.821381   0.419788   0.552850   0.488591    8.750497    7.427290
139  0.070222    7.632593  0.658445   0.878150   0.469858   0.563461   0.495984    8.902141    7.532942
140  0.070720    7.858981  0.666843   0.935191   0.519967   0.574230   0.503429    9.054959    7.638595
141  0.071218    8.089920  0.675007   0.992507   0.570115   0.585159   0.510953    9.208962    7.744603
142  0.071716    8.322942  0.682858   1.050101   0.620305   0.596251   0.518577    9.364159    7.851289
143  0.072214    8.555976  0.690349   1.107975   0.670542   0.607506   0.526323    9.520558    7.958920
144  0.072712    8.787475  0.697455   1.166131   0.720831   0.618927   0.534204    9.678169    8.067685
145  0.073210    9.016411  0.704176   1.224572   0.771181   0.630516   0.542232    9.837001    8.177708
146  0.073708    9.242208  0.710523   1.283301   0.821597   0.642274   0.550411    9.997063    8.289055
147  0.074206    9.464608  0.716520   1.342320   0.872089   0.654203   0.558746   10.158366    8.401752
148  0.074704    9.683601  0.722190   1.401632   0.922664   0.666306   0.567238   10.320917    8.515800
149  0.075202    9.899329  0.727562   1.461239   0.973328   0.678584   0.575886   10.484727    8.631181
150  0.075700   10.112015  0.732662   1.521143   1.024089   0.691040   0.584690   10.649805    8.747869
151  0.076198   10.321968  0.737515   1.581347   1.074953   0.703674   0.593649   10.816160    8.865833
152  0.076696   10.529501  0.742145   1.641854   1.125927   0.716490   0.602763   10.983802    8.985040
153  0.077194   10.734933  0.746571   1.702665   1.177016   0.729489   0.612028   11.152741    9.105460
154  0.077692   10.938601  0.750814   1.763785   1.228226   0.742673   0.621445   11.322985    9.227061
155  0.078190   11.140820  0.754891   1.825214   1.279562   0.756045   0.631013   11.494544    9.349815
156  0.078688   11.341915  0.758815   1.886955   1.331028   0.769606   0.640730   11.667428    9.473694
157  0.079186   11.542182  0.762603   1.949012   1.382630   0.783358   0.650596   11.841647    9.598674
158  0.079684   11.741914  0.766264   2.011386   1.434371   0.797304   0.660609   12.017210    9.724733
159  0.080182   11.941405  0.769812   2.074079   1.486256   0.811446   0.670770   12.194127    9.851850
160  0.080680   12.140929  0.773254   2.137095   1.538287   0.825785   0.681078   12.372407    9.980004
161  0.081178   12.340763  0.776602   2.200436   1.590470   0.840324   0.691532   12.552061   10.109179
162  0.081676   12.541184  0.779862   2.264103   1.642807   0.855066   0.702132   12.733098   10.239355
163  0.082174   12.742454  0.783043   2.328101   1.695302   0.870011   0.712877   12.915528   10.370517
164  0.082672   12.944843  0.786151   2.392430   1.747957   0.885163   0.723768   13.099360   10.502650
165  0.083170   13.148634  0.789192   2.457095   1.800776   0.900524   0.734804   13.284605   10.635737
166  0.083668   13.354089  0.792172   2.522096   1.853761   0.916096   0.745984   13.471272   10.769764
167  0.084166   13.561505  0.795098   2.587437   1.906915   0.931880   0.757309   13.659371   10.904714
168  0.084664   13.771170  0.797973   2.653119   1.960240   0.947881   0.768777   13.848913   11.040574
169  0.085162   13.983394  0.800802   2.719146   2.013738   0.964099   0.780390   14.039907   11.177327
170  0.085660   14.198485  0.803591   2.785520   2.067412   0.980537   0.792145   14.232364   11.314957
171  0.086158   14.416792  0.806343   2.852244   2.121263   0.997197   0.804042   14.426293   11.453446
172  0.086656   14.638663  0.809063   2.919319   2.175294   1.014082   0.816081   14.621704   11.592777
173  0.087154   14.864477  0.811754   2.986749   2.229506   1.031194   0.828261   14.818608   11.732929
174  0.087652   15.094656  0.814421   3.054535   2.283900   1.048535   0.840581   15.017015   11.873883
175  0.088150   15.329619  0.817067   3.122680   2.338478   1.066109   0.853040   15.216935   12.015615
176  0.088648   15.569853  0.819695   3.191188   2.393242   1.083916   0.865635   15.418378   12.158101
177  0.089146   15.815888  0.822310   3.260059   2.448191   1.101960   0.878366   15.621354   12.301312
178  0.089644   16.068289  0.824916   3.329297   2.503328   1.120243   0.891231   15.825875   12.445219
179  0.090142   16.327664  0.827516   3.398905   2.558652   1.138768   0.904227   16.031949   12.589790
180  0.090640   16.594764  0.830114   3.468884   2.614164   1.157537   0.917351   16.239588   12.734984
181  0.091138   16.870311  0.832714   3.539237   2.669865   1.176552   0.930601   16.448801   12.880761
182  0.091636   17.155192  0.835319   3.609966   2.725754   1.195816   0.943972   16.659600   13.027075
183  0.092134   17.450385  0.837936   3.681075   2.781831   1.215332   0.957460   16.871995   13.173871
184  0.092632   17.756973  0.840567   3.752566   2.838095   1.235102   0.971061   17.085996   13.321090
185  0.093130   18.076213  0.843217   3.824440   2.894546   1.255129   0.984768   17.301614   13.468663
186  0.093628   18.409528  0.845893   3.896701   2.951182   1.275415   0.998574   17.518859   13.616513
187  0.094126   18.758549  0.848598   3.969351   3.008001   1.295964   1.012471   17.737742   13.764550
188  0.094624   19.125139  0.851340   4.042393   3.065002   1.316776   1.026450   17.958274   13.912673
189  0.095122   19.511475  0.854125   4.115829   3.122181   1.337856   1.040500   18.180465   14.060764
190  0.095620   19.920065  0.856958   4.189661   3.179536   1.359206   1.054607   18.404326   14.208688
191  0.096118   20.353829  0.859849   4.263893   3.237062   1.380829   1.068758   18.629868   14.356289
192  0.096616   20.816218  0.862805   4.338526   3.294755   1.402727   1.082933   18.857102   14.503386
193  0.097114   21.311306  0.865835   4.413564   3.352608   1.424903   1.097112   19.086038   14.649766
194  0.097612   21.843753  0.868948   4.489008   3.410616   1.447359   1.111271   19.316687   14.795194
195  0.098110   22.419121  0.872154   4.564861   3.468770   1.470100   1.125383   19.549060   14.939390
196  0.098608   23.043770  0.875463   4.641126   3.527061   1.493127   1.139414   19.783169   15.082048
197  0.099106   23.725178  0.878882   4.717806   3.585478   1.516442   1.153330   20.019024   15.222814
198  0.099604   24.471508  0.882418   4.794902   3.644010   1.540050   1.167091   20.256635   15.361325
199  0.100102   25.291641  0.886074   4.872418   3.702642   1.563953   1.180660   20.496015   15.497208
200  0.100600   26.194470  0.889844   4.950355   3.761359   1.588154   1.193998   20.737175   15.630129
201  0.101098   27.187665  0.893714   5.028717   3.820144   1.612655   1.207082   20.980124   15.759862
202  0.101596   28.276362  0.897656   5.107507   3.878981   1.637460   1.219901   21.224875   15.886353
203  0.102094   29.460927  0.901627   5.186726   3.937854   1.662572   1.232476   21.471439   16.009828
204  0.102592   30.735930  0.905570   5.266377   3.996748   1.687992   1.244858   21.719827   16.130808
205  0.103090   32.089485  0.909425   5.346462   4.055653   1.713726   1.257127   21.970049   16.250110
206  0.103588   33.505174  0.913134   5.426986   4.114563   1.739774   1.269382   22.222119   16.368708
207  0.104086   34.964755  0.916653   5.507949   4.173477   1.766141   1.281726   22.476046   16.487578
208  0.104584   36.451134  0.919956   5.589354   4.232398   1.792830   1.294244   22.731842   16.607556
209  0.105082   37.949902  0.923031   5.671205   4.291334   1.819843   1.307005   22.989519   16.729285
210  0.105580   39.450552  0.925883   5.753504   4.350292   1.847184   1.320055   23.249088   16.853180
211  0.106078   40.945902  0.928522   5.836252   4.409285   1.874855   1.333421   23.510561   16.979480
212  0.106576   42.431500  0.930964   5.919454   4.468322   1.902861   1.347117   23.773949   17.108292
213  0.107074   43.904901  0.933227   6.003111   4.527414   1.931203   1.361149   24.039263   17.239638
214  0.107572   45.365156  0.935328   6.087227   4.586574   1.959885   1.375513   24.306516   17.373478
215  0.108070   46.812165  0.937283   6.171803   4.645811   1.988911   1.390206   24.575718   17.509747
216  0.108568   48.246330  0.939108   6.256843   4.705134   2.018283   1.405221   24.846883   17.648366
217  0.109066   49.668510  0.940816   6.342349   4.764555   2.048006   1.420551   25.120020   17.789248
218  0.109564   51.079617  0.942418   6.428323   4.824080   2.078081   1.436190   25.395143   17.932309
219  0.110062   52.480830  0.943926   6.514769   4.883719   2.108512   1.452130   25.672262   18.077464
220  0.110560   53.872944  0.945347   6.601689   4.943479   2.139303   1.468366   25.951390   18.224649
221  0.111058   55.257258  0.946691   6.689085   5.003367   2.170457   1.484892   26.232538   18.373787
222  0.111556   56.634754  0.947964   6.776961   5.063391   2.201977   1.501703   26.515719   18.524816
223  0.112054   58.006306  0.949173   6.865319   5.123556   2.233867   1.518794   26.800944   18.677684
224  0.112552   59.372853  0.950323   6.954161   5.183869   2.266129   1.536163   27.088226   18.832339
225  0.113050   60.735315  0.951419   7.043491   5.244336   2.298768   1.553804   27.377576   18.988736
226  0.113548   62.094338  0.952464   7.133310   5.304963   2.331787   1.571717   27.669006   19.146837
227  0.114046   63.450654  0.953464   7.223623   5.365754   2.365189   1.589899   27.962529   19.306609
228  0.114544   64.804908  0.954422   7.314431   5.426714   2.398978   1.608347   28.258157   19.468021
229  0.115042   66.157881  0.955339   7.405737   5.487850   2.433157   1.627061   28.555901   19.631040
230  0.115540   67.510036  0.956220   7.497544   5.549164   2.467730   1.646039   28.855774   19.795646
231  0.116038   68.861955  0.957067   7.589854   5.610661   2.502700   1.665279   29.157789   19.961817
232  0.116536   70.214088  0.957882   7.682671   5.672347   2.538071   1.684783   29.461957   20.129534
233  0.117034   71.566896  0.958667   7.775996   5.734224   2.573846   1.704548   29.768291   20.298781
234  0.117532   72.920925  0.959424   7.869834   5.796297   2.610030   1.724576   30.076804   20.469540
235  0.118030   74.276460  0.960154   7.964185   5.858571   2.646625   1.744865   30.387507   20.641803
236  0.118528   75.633827  0.960860   8.059054   5.921047   2.683635   1.765417   30.700413   20.815560
237  0.119026   76.993679  0.961542   8.154443   5.983732   2.721064   1.786230   31.015534   20.990793
238  0.119524   78.355988  0.962202   8.250355   6.046626   2.758916   1.807308   31.332884   21.167503
239  0.120022   79.721227  0.962841   8.346792   6.109736   2.797195   1.828648   31.652474   21.345680
240  0.120520   81.089799  0.963460   8.443758   6.173063   2.835903   1.850253   31.974317   21.525315
241  0.121018   82.461789  0.964061   8.541254   6.236611   2.875045   1.872124   32.298427   21.706408
242  0.121516   83.837476  0.964643   8.639285   6.300383   2.914626   1.894261   32.624814   21.888955
243  0.122014   85.217332  0.965209   8.737851   6.364383   2.954647   1.916665   32.953493   22.072948
244  0.122512   86.601366  0.965759   8.836958   6.428613   2.995114   1.939338   33.284476   22.258389
245  0.123010   87.989816  0.966293   8.936606   6.493077   3.036031   1.962280   33.617776   22.445277
246  0.123508   89.382968  0.966812   9.036800   6.557777   3.077400   1.985494   33.953405   22.633609
247  0.124006   90.780962  0.967317   9.137541   6.622718   3.119227   2.008980   34.291377   22.823387
248  0.124504   92.184104  0.967809   9.238833   6.687900   3.161514   2.032740   34.631704   23.014608
249  0.125002   93.592490  0.968289   9.340678   6.753328   3.204266   2.056776   34.974399   23.207274
250  0.125500   95.006383  0.968756   9.443080   6.819004   3.247488   2.081089   35.319476   23.401386
251  0.125998   96.425821  0.969211   9.546041   6.884931   3.291182   2.105681   35.666947   23.596947
252  0.126496   97.851040  0.969654   9.649564   6.951111   3.335353   2.130553   36.016825   23.793959
253  0.126994   99.282174  0.970087   9.753652   7.017548   3.380005   2.155707   36.369123   23.992423
254  0.127492  100.719426  0.970510   9.858307   7.084244   3.425142   2.181146   36.723855   24.192342
255  0.127990  102.162797  0.970923   9.963533   7.151202   3.470769   2.206870   37.081034   24.393722
256  0.128488  103.612582  0.971325  10.069333   7.218424   3.516889   2.232882   37.440673   24.596562
257  0.128986  105.068906  0.971719  10.175708   7.285913   3.563506   2.259184   37.802785   24.800868
258  0.129484  106.531904  0.972104  10.282663   7.353671   3.610625   2.285777   38.167384   25.006642
259  0.129982  108.001565  0.972480  10.390201   7.421702   3.658250   2.312664   38.534482   25.213891
260  0.130480  109.478024  0.972848  10.498323   7.490007   3.706385   2.339847   38.904093   25.422619
261  0.130978  110.961749  0.973207  10.607033   7.558589   3.755034   2.367327   39.276231   25.632825
262  0.131476  112.452290  0.973559  10.716334   7.627450   3.804202   2.395108   39.650910   25.844524
263  0.131974  113.950217  0.973904  10.826228   7.696593   3.853893   2.423190   40.028141   26.057712
264  0.132472  115.455562  0.974241  10.936720   7.766021   3.904111   2.451577   40.407940   26.272396
265  0.132970  116.968132  0.974571  11.047811   7.835736   3.954861   2.480270   40.790319   26.488587
266  0.133468  118.488374  0.974895  11.159504   7.905739   4.006147   2.509271   41.175293   26.706283
267  0.133966  120.016203  0.975212  11.271804   7.976035   4.057974   2.538583   41.562874   26.925495
268  0.134464  121.551771  0.975522  11.384711   8.046624   4.110345   2.568209   41.953077   27.146226
269  0.134962  123.095291  0.975827  11.498230   8.117510   4.163265   2.598149   42.345915   27.368480
270  0.135460  124.646561  0.976125  11.612364   8.188694   4.216740   2.628408   42.741402   27.592270
271  0.135958  126.205980  0.976418  11.727114   8.260180   4.270772   2.658987   43.139552   27.817595
272  0.136456  127.773452  0.976705  11.842486   8.331969   4.325368   2.689888   43.540379   28.044464
273  0.136954  129.349198  0.976986  11.958480   8.404063   4.380531   2.721114   43.943896   28.272884
274  0.137452  130.933081  0.977263  12.075101   8.476466   4.436266   2.752668   44.350118   28.502862
275  0.137950  132.525450  0.977534  12.192351   8.549179   4.492577   2.784552   44.759058   28.734402
276  0.138448  134.126181  0.977800  12.310234   8.622204   4.549470   2.816768   45.170731   28.967514
277  0.138946  135.735638  0.978061  12.428752   8.695544   4.606949   2.849318   45.585150   29.202200
278  0.139444  137.353605  0.978318  12.547908   8.769202   4.665018   2.882206   46.002329   29.438471
279  0.139942  138.980402  0.978570  12.667706   8.843178   4.723683   2.915433   46.422283   29.676332
280  0.140440  140.615892  0.978817  12.788148   8.917477   4.782948   2.949003   46.845026   29.915791
281  0.140938  142.260127  0.979060  12.909238   8.992099   4.842818   2.982919   47.270572   30.156857
282  0.141436  143.913312  0.979299  13.030979   9.067048   4.903297   3.017182   47.698935   30.399535
283  0.141934  145.575770  0.979534  13.153373   9.142324   4.964391   3.051794   48.130129   30.643828
284  0.142432  147.247021  0.979764  13.276424   9.217932   5.026104   3.086761   48.564170   30.889752
285  0.142930  148.927583  0.979991  13.400135   9.293872   5.088442   3.122082   49.001070   31.137308
286  0.143428  150.617251  0.980214  13.524508   9.370147   5.151408   3.157763   49.440845   31.386508
287  0.143926  152.316380  0.980433  13.649548   9.446760   5.215009   3.193803   49.883509   31.637354
288  0.144424  154.024831  0.980649  13.775256   9.523712   5.279249   3.230208   50.329077   31.889858
289  0.144922  155.742646  0.980861  13.901637   9.601006   5.344133   3.266980   50.777562   32.144027
290  0.145420  157.470145  0.981070  14.028693   9.678643   5.409666   3.304120   51.228980   32.399866
291  0.145918  159.207014  0.981275  14.156428   9.756627   5.475853   3.341633   51.683345   32.657387
292  0.146416  160.953888  0.981477  14.284844   9.834959   5.542699   3.379520   52.140671   32.916592
293  0.146914  162.710370  0.981676  14.413944   9.913641   5.610209   3.417785   52.600974   33.177493
294  0.147412  164.476277  0.981871  14.543733   9.992676   5.678389   3.456432   53.064268   33.440102
295  0.147910  166.252446  0.982064  14.674212  10.072066   5.747244   3.495461   53.530568   33.704418
296  0.148408  168.038148  0.982253  14.805386  10.151813   5.816778   3.534877   53.999889   33.970458
297  0.148906  169.834177  0.982440  14.937256  10.231919   5.886997   3.574682   54.472245   34.238220
298  0.149404  171.640200  0.982623  15.069828  10.312387   5.957906   3.614879   54.947651   34.507719
299  0.149902  173.456379  0.982804  15.203103  10.393218   6.029511   3.655472   55.426122   34.778962
300  0.150400  175.282662  0.982982  15.337084  10.474415   6.101817   3.696462   55.907674   35.051957
301  0.150898  177.119360  0.983158  15.471776  10.555980   6.174828   3.737854   56.392320   35.326710
302  0.151396  178.966093  0.983331  15.607181  10.637914   6.248551   3.779650   56.880077   35.603235
303  0.151894  180.823377  0.983501  15.743302  10.720221   6.322991   3.821852   57.370959   35.881534
304  0.152392  182.691031  0.983669  15.880143  10.802903   6.398154   3.864466   57.864982   36.161619
305  0.152890  184.569236  0.983834  16.017707  10.885961   6.474043   3.907492   58.362159   36.443497
306  0.153388  186.457962  0.983997  16.155996  10.969398   6.550666   3.950934   58.862508   36.727178
307  0.153886  188.357348  0.984157  16.295015  11.053216   6.628028   3.994796   59.366042   37.012669
308  0.154384  190.267640  0.984316  16.434767  11.137417   6.706134   4.039080   59.872778   37.299975
309  0.154882  192.188237  0.984472  16.575254  11.222003   6.784989   4.083791   60.382729   37.589115
310  0.155380  194.119908  0.984625  16.716481  11.306976   6.864600   4.128930   60.895913   37.880088
311  0.155878  196.062455  0.984777  16.858450  11.392340   6.944972   4.174501   61.412344   38.172905
312  0.156376  198.015854  0.984926  17.001164  11.478095   7.026110   4.220507   61.932037   38.467576
313  0.156874  199.980288  0.985074  17.144627  11.564243   7.108021   4.266952   62.455008   38.764109
314  0.157372  201.956012  0.985219  17.288843  11.650788   7.190709   4.313838   62.981273   39.062511
315  0.157870  203.942421  0.985362  17.433814  11.737732   7.274181   4.361169   63.510847   39.362796
316  0.158368  205.940056  0.985503  17.579543  11.825075   7.358443   4.408948   64.043746   39.664970
317  0.158866  207.949363  0.985643  17.726035  11.912822   7.443500   4.457178   64.579984   39.969036
318  0.159364  209.969476  0.985780  17.873292  12.000973   7.529357   4.505864   65.119579   40.275013
319  0.159862  212.001381  0.985916  18.021318  12.089531   7.616022   4.555007   65.662546   40.582900
320  0.160360  214.044303  0.986050  18.170116  12.178498   7.703499   4.604612   66.208899   40.892716
321  0.160858  216.098907  0.986182  18.319689  12.267876   7.791795   4.654681   66.758656   41.204462
322  0.161356  218.165169  0.986312  18.470041  12.357668   7.880916   4.705219   67.311832   41.518149
323  0.161854  220.242558  0.986441  18.621176  12.447875   7.970867   4.756228   67.868442   41.833792
324  0.162352  222.331835  0.986567  18.773095  12.538501   8.061655   4.807712   68.428504   42.151392
325  0.162850  224.433310  0.986693  18.925804  12.629546   8.153285   4.859674   68.992031   42.470956
326  0.163348  226.546192  0.986816  19.079304  12.721013   8.245764   4.912118   69.559042   42.792502
327  0.163846  228.670586  0.986938  19.233600  12.812905   8.339098   4.965047   70.129551   43.116039
328  0.164344  230.807290  0.987058  19.388696  12.905223   8.433293   5.018465   70.703575   43.441567
329  0.164842  232.955679  0.987177  19.544593  12.997970   8.528354   5.072375   71.281130   43.769105
330  0.165340  235.116357  0.987295  19.701297  13.091147   8.624289   5.126781   71.862231   44.098654
331  0.165838  237.288738  0.987410  19.858809  13.184758   8.721103   5.181687   72.446896   44.430231
332  0.166336  239.473425  0.987525  20.017135  13.278804   8.818803   5.237095   73.035140   44.763839
333  0.166834  241.670430  0.987638  20.176276  13.373288   8.917395   5.293009   73.626979   45.099489
334  0.167332  243.879282  0.987749  20.336237  13.468211   9.016885   5.349434   74.222431   45.437195
335  0.167830  246.100705  0.987859  20.497021  13.563575   9.117279   5.406372   74.821510   45.776960
336  0.168328  248.334420  0.987968  20.658631  13.659384   9.218585   5.463828   75.424235   46.118796
337  0.168826  250.580858  0.988076  20.821071  13.755639   9.320807   5.521804   76.030620   46.462710
338  0.169324  252.839284  0.988182  20.984344  13.852342   9.423954   5.580305   76.640682   46.808718
339  0.169822  255.110459  0.988286  21.148454  13.949496   9.528030   5.639335   77.254439   47.156823
340  0.170320  257.393977  0.988390  21.313405  14.047103   9.633044   5.698896   77.871906   47.507039
341  0.170818  259.690672  0.988492  21.479199  14.145164   9.739000   5.758993   78.493100   47.859369
342  0.171316  261.999766  0.988593  21.645841  14.243683   9.845907   5.819630   79.118038   48.213829
343  0.171814  264.321433  0.988693  21.813333  14.342661   9.953770   5.880810   79.746736   48.570429
344  0.172312  266.656021  0.988792  21.981680  14.442101  10.062595   5.942537   80.379211   48.929175
345  0.172810  269.003731  0.988889  22.150885  14.542005  10.172391   6.004814   81.015480   49.290075
346  0.173308  271.364412  0.988985  22.320951  14.642374  10.283162   6.067646   81.655559   49.653142
347  0.173806  273.737488  0.989081  22.491882  14.743212  10.394917   6.131038   82.299466   50.018390
348  0.174304  276.124222  0.989175  22.663681  14.844520  10.507661   6.194990   82.947217   50.385819
349  0.174802  278.524116  0.989268  22.836352  14.946301  10.621402   6.259509   83.598829   50.755442
350  0.175300  280.936664  0.989359  23.009899  15.048557  10.736147   6.324599   84.254319   51.127276
351  0.175798  283.362730  0.989450  23.184325  15.151290  10.851901   6.390263   84.913704   51.501322
352  0.176296  285.801988  0.989540  23.359634  15.254502  10.968673   6.456505   85.577001   51.877594
353  0.176794  288.254424  0.989629  23.535829  15.358196  11.086469   6.523328   86.244227   52.256102
354  0.177292  290.720396  0.989716  23.712914  15.462374  11.205295   6.590738   86.915400   52.636854
355  0.177790  293.200118  0.989803  23.890892  15.567038  11.325160   6.658737   87.590535   53.019858
356  0.178288  295.692850  0.989889  24.069768  15.672190  11.446069   6.727331   88.269652   53.405131
357  0.178786  298.199747  0.989973  24.249544  15.777832  11.568030   6.796521   88.952765   53.792673
358  0.179284  300.719948  0.990057  24.430224  15.883968  11.691050   6.866315   89.639894   54.182503
359  0.179782  303.253600  0.990140  24.611813  15.990598  11.815137   6.936714   90.331055   54.574629
360  0.180280  305.801567  0.990222  24.794313  16.097726  11.940296   7.007723   91.026266   54.969055
361  0.180778  308.362971  0.990303  24.977728  16.205353  12.066536   7.079347   91.725543   55.365799
362  0.181276  310.938855  0.990383  25.162063  16.313482  12.193864   7.151588   92.428905   55.764862
363  0.181774  313.527336  0.990462  25.347320  16.422114  12.322287   7.224454   93.136369   56.166271
364  0.182272  316.130708  0.990540  25.533503  16.531254  12.451811   7.297945   93.847952   56.570017
365  0.182770  318.747783  0.990618  25.720616  16.640902  12.582445   7.372068   94.563672   56.976121
366  0.183268  321.379390  0.990694  25.908662  16.751060  12.714196   7.446825   95.283546   57.384587
367  0.183766  324.024835  0.990770  26.097646  16.861732  12.847071   7.522222   96.007592   57.795431
368  0.184264  326.684931  0.990845  26.287571  16.972919  12.981078   7.598262   96.735828   58.208656
369  0.184762  329.358517  0.990919  26.478440  17.084624  13.116223   7.674951   97.468271   58.624284
370  0.185260  332.047042  0.990992  26.670258  17.196848  13.252515   7.752291   98.204940   59.042314
371  0.185758  334.749431  0.991065  26.863028  17.309595  13.389961   7.830288   98.945851   59.462764
372  0.186256  337.466600  0.991137  27.056754  17.422867  13.528568   7.908946   99.691023   59.885638
373  0.186754  340.199139  0.991208  27.251440  17.536665  13.668345   7.988267  100.440474   60.310942
374  0.187252  342.944148  0.991278  27.447089  17.650992  13.809298   8.068261  101.194221   60.738710
375  0.187750  345.705601  0.991347  27.643705  17.765851  13.951436   8.148927  101.952283   61.168922
376  0.188248  348.481185  0.991416  27.841292  17.881243  14.094765   8.230271  102.714677   61.601607
377  0.188746  351.270599  0.991484  28.039853  17.997171  14.239294   8.312299  103.481421   62.036777
378  0.189244  354.076132  0.991551  28.239393  18.113638  14.385031   8.395013  104.252534   62.474427
379  0.189742  356.896179  0.991618  28.439915  18.230645  14.531983   8.478419  105.028033   62.914578
380  0.190240  359.731041  0.991684  28.641423  18.348195  14.680158   8.562521  105.807937   63.357241
381  0.190738  362.581365  0.991749  28.843921  18.466290  14.829563   8.647323  106.592264   63.802421
382  0.191236  365.446037  0.991813  29.047412  18.584933  14.980208   8.732831  107.381032   64.250137
383  0.191734  368.325763  0.991877  29.251901  18.704125  15.132099   8.819049  108.174259   64.700396
384  0.192232  371.220962  0.991940  29.457391  18.823870  15.285245   8.905981  108.971964   65.153204
385  0.192730  374.131627  0.992003  29.663887  18.944170  15.439654   8.993631  109.774164   65.608574
386  0.193228  377.057065  0.992065  29.871391  19.065026  15.595333   9.082005  110.580879   66.066522
387  0.193726  379.997892  0.992126  30.079908  19.186441  15.752291   9.171107  111.392127   66.527053
388  0.194224  382.954310  0.992187  30.289441  19.308418  15.910536   9.260942  112.207926   66.990178
389  0.194722  385.925113  0.992247  30.499995  19.430959  16.070076   9.351516  113.028295   67.455916
390  0.195220  388.913228  0.992306  30.711573  19.554066  16.230918   9.442829  113.853252   67.924259
391  0.195718  391.915866  0.992365  30.924180  19.677741  16.393073   9.534891  114.682816   68.395236
392  0.196216  394.934214  0.992423  31.137818  19.801988  16.556546   9.627704  115.517005   68.868851
393  0.196714  397.968715  0.992481  31.352493  19.926807  16.721348   9.721272  116.355838   69.345111
394  0.197212  401.018877  0.992538  31.568208  20.052203  16.887486   9.815602  117.199334   69.824032
395  0.197710  404.084568  0.992594  31.784966  20.178176  17.054968   9.910698  118.047512   70.305626
396  0.198208  407.165971  0.992650  32.002772  20.304729  17.223803  10.006565  118.900389   70.789902
397  0.198706  410.263973  0.992705  32.221630  20.431866  17.393999  10.103207  119.757986   71.276867
398  0.199204  413.377671  0.992760  32.441543  20.559587  17.565565  10.200629  120.620321   71.766536
399  0.199702  416.507181  0.992815  32.662516  20.687896  17.738510  10.298837  121.487413   72.258922
400  0.200200  419.652878  0.992868  32.884553  20.816795  17.912841  10.397835  122.359281   72.754033
401  0.200698  422.814549  0.992921  33.107657  20.946286  18.088567  10.497628  123.235943   73.251881
402  0.201196  425.992883  0.992974  33.331832  21.076372  18.265697  10.598221  124.117419   73.752474
403  0.201694  429.187392  0.993026  33.557083  21.207054  18.444240  10.699619  125.003728   74.255826
404  0.202192  432.398361  0.993078  33.783413  21.338337  18.624204  10.801827  125.894889   74.761947
405  0.202690  435.625432  0.993129  34.010826  21.470221  18.805597  10.904850  126.790921   75.270851
406  0.203188  438.869161  0.993180  34.239327  21.602709  18.988430  11.008693  127.691843   75.782545
407  0.203686  442.129927  0.993230  34.468919  21.735804  19.172710  11.113360  128.597675   76.297039
408  0.204184  445.406711  0.993280  34.699607  21.869507  19.358446  11.218858  129.508436   76.814350
409  0.204682  448.700315  0.993329  34.931393  22.003823  19.545647  11.325191  130.424144   77.334486
410  0.205180  452.009315  0.993378  35.164284  22.138752  19.734323  11.432366  131.344820   77.857466
411  0.205678  455.337264  0.993426  35.398281  22.274297  19.924481  11.540384  132.270483   78.383281
412  0.206176  458.681275  0.993474  35.633391  22.410462  20.116131  11.649253  133.201152   78.911960
413  0.206674  462.041902  0.993521  35.869616  22.547247  20.309282  11.758978  134.136847   79.443510
414  0.207172  465.419707  0.993568  36.106960  22.684656  20.503943  11.869564  135.077587   79.977941
415  0.207670  468.814374  0.993615  36.345428  22.822691  20.700123  11.981017  136.023391   80.515265
416  0.208168  472.226916  0.993661  36.585024  22.961355  20.897831  12.093340  136.974280   81.055489
417  0.208666  475.655560  0.993706  36.825751  23.100649  21.097076  12.206541  137.930272   81.598635
418  0.209164  479.101927  0.993751  37.067615  23.240577  21.297868  12.320623  138.891388   82.144705
419  0.209662  482.566076  0.993796  37.310619  23.381140  21.500215  12.435592  139.857648   82.693710
420  0.210160  486.047081  0.993840  37.554766  23.522342  21.704128  12.551454  140.829070   83.245668
421  0.210658  489.545597  0.993884  37.800062  23.664185  21.909614  12.668214  141.805675   83.800586
422  0.211156  493.060524  0.993928  38.046511  23.806670  22.116685  12.785879  142.787483   84.358483
423  0.211654  496.593685  0.993971  38.294116  23.949802  22.325348  12.904451  143.774513   84.919360
424  0.212152  500.146278  0.994014  38.542881  24.093581  22.535614  13.023935  144.766785   85.483223
425  0.212650  503.713435  0.994056  38.792811  24.238011  22.747491  13.144343  145.764320   86.050110
426  0.213148  507.299725  0.994098  39.043911  24.383095  22.960990  13.265674  146.767137   86.620009
427  0.213646  510.902896  0.994140  39.296183  24.528834  23.176120  13.387936  147.775257   87.192942
428  0.214144  514.525975  0.994181  39.549632  24.675230  23.392890  13.511132  148.788698   87.768907
429  0.214642  518.165228  0.994222  39.804263  24.822288  23.611311  13.635272  149.807482   88.347935
430  0.215140  521.823747  0.994262  40.060080  24.970008  23.831391  13.760357  150.831629   88.930021
431  0.215638  525.499943  0.994302  40.317087  25.118394  24.053141  13.886395  151.861159   89.515186
432  0.216136  529.193572  0.994342  40.575287  25.267448  24.276569  14.013393  152.896091   90.103444
433  0.216634  532.905273  0.994381  40.834686  25.417173  24.501687  14.141354  153.936447   90.694803
434  0.217132  536.636679  0.994420  41.095287  25.567571  24.728503  14.270283  154.982246   91.289266
435  0.217630  540.384776  0.994459  41.357095  25.718644  24.957028  14.400189  156.033510   91.886861
436  0.218128  544.151737  0.994497  41.620114  25.870395  25.187271  14.531075  157.090257   92.487590
437  0.218626  547.937186  0.994535  41.884348  26.022827  25.419243  14.662948  158.152510   93.091466
438  0.219124  551.741211  0.994573  42.149801  26.175943  25.652953  14.795813  159.220287   93.698502
439  0.219622  555.563549  0.994610  42.416478  26.329743  25.888412  14.929677  160.293610   94.308710
440  0.220120  559.405538  0.994647  42.684383  26.484232  26.125628  15.064542  161.372500   94.922096
441  0.220618  563.264580  0.994683  42.953520  26.639412  26.364614  15.200420  162.456976   95.538685
442  0.221116  567.143299  0.994720  43.223893  26.795285  26.605377  15.337311  163.547060   96.158477
443  0.221614  571.040020  0.994756  43.495508  26.951854  26.847930  15.475225  164.642771   96.781492
444  0.222112  574.955844  0.994791  43.768367  27.109122  27.092281  15.614166  165.744132   97.407737
445  0.222610  578.891391  0.994827  44.042476  27.267090  27.338442  15.754139  166.851162   98.037221
446  0.223108  582.845106  0.994862  44.317838  27.425762  27.586422  15.895152  167.963883   98.669964
447  0.223606  586.819197  0.994896  44.594459  27.585139  27.836232  16.037208  169.082315   99.305968
448  0.224104  590.810903  0.994931  44.872341  27.745226  28.087881  16.180316  170.206478   99.945259
449  0.224602  594.821933  0.994965  45.151491  27.906024  28.341382  16.324482  171.336395  100.587841
450  0.225100  598.854805  0.994999  45.431911  28.067535  28.596743  16.469707  172.472086  101.233714
451  0.225598  602.903232  0.995032  45.713607  28.229763  28.853976  16.616005  173.613571  101.882920
452  0.226096  606.973193  0.995066  45.996582  28.392710  29.113091  16.763376  174.760872  102.535444
453  0.226594  611.062135  0.995099  46.280842  28.556378  29.374098  16.911828  175.914011  103.191310
454  0.227092  615.169636  0.995131  46.566390  28.720770  29.637009  17.061368  177.073007  103.850533
455  0.227590  619.298020  0.995164  46.853231  28.885889  29.901833  17.212000  178.237883  104.513115
456  0.228088  623.445693  0.995196  47.141369  29.051738  30.168582  17.363732  179.408659  105.179074
457  0.228586  627.613183  0.995228  47.430808  29.218318  30.437266  17.516569  180.585356  105.848423
458  0.229084  631.799854  0.995259  47.721554  29.385633  30.707895  17.670518  181.767997  106.521175
459  0.229582  636.007703  0.995290  48.013610  29.553685  30.980482  17.825584  182.956602  107.197335
460  0.230080  640.233904  0.995322  48.306981  29.722477  31.255036  17.981776  184.151192  107.876928
461  0.230578  644.481858  0.995352  48.601672  29.892011  31.531569  18.139096  185.351790  108.559952
462  0.231076  648.747693  0.995383  48.897686  30.062290  31.810091  18.297555  186.558415  109.246435
463  0.231574  653.034422  0.995413  49.195028  30.233317  32.090613  18.457157  187.771091  109.936379
464  0.232072  657.340938  0.995443  49.493703  30.405094  32.373147  18.617908  188.989838  110.629799
465  0.232570  661.669983  0.995473  49.793715  30.577624  32.657703  18.779812  190.214678  111.326698
466  0.233068  666.017933  0.995502  50.095069  30.750910  32.944293  18.942880  191.445632  112.027104
467  0.233566  670.386008  0.995532  50.397769  30.924953  33.232928  19.107117  192.682723  112.731024
468  0.234064  674.774573  0.995561  50.701819  31.099758  33.523618  19.272528  193.925971  113.438469
469  0.234562  679.183641  0.995589  51.007224  31.275326  33.816375  19.439121  195.175399  114.149452
470  0.235060  683.613338  0.995618  51.313989  31.451660  34.111211  19.606901  196.431028  114.863986
471  0.235558  688.063519  0.995646  51.622118  31.628763  34.408137  19.775876  197.692880  115.582083
472  0.236056  692.535190  0.995674  51.931615  31.806637  34.707163  19.946051  198.960977  116.303754
473  0.236554  697.025590  0.995702  52.242486  31.985285  35.008302  20.117436  200.235341  117.029021
474  0.237052  701.539080  0.995730  52.554734  32.164711  35.311565  20.290032  201.515994  117.757881
475  0.237550  706.072970  0.995757  52.868365  32.344915  35.616962  20.463849  202.802957  118.490356
476  0.238048  710.627327  0.995784  53.183382  32.525902  35.924507  20.638894  204.096253  119.226460
477  0.238546  715.202158  0.995811  53.499790  32.707674  36.234210  20.815174  205.395903  119.966206
478  0.239044  719.799785  0.995838  53.817594  32.890233  36.546083  20.992692  206.701930  120.709597
479  0.239542  724.417726  0.995864  54.136799  33.073583  36.860138  21.171458  208.014356  121.456657
480  0.240040  729.056288  0.995891  54.457409  33.257725  37.176386  21.351479  209.333203  122.207397
481  0.240538  733.716399  0.995917  54.779428  33.442663  37.494839  21.532760  210.658493  122.961826
482  0.241036  738.399343  0.995943  55.102861  33.628400  37.815508  21.715308  211.990249  123.719953
483  0.241534  743.103086  0.995968  55.427714  33.814937  38.138407  21.899130  213.328492  124.481799
484  0.242032  747.828105  0.995994  55.753989  34.002278  38.463545  22.084233  214.673246  125.247375
485  0.242530  752.575560  0.996019  56.081693  34.190426  38.790937  22.270624  216.024531  126.016690
486  0.243028  757.344695  0.996044  56.410830  34.379383  39.120592  22.458309  217.382372  126.789760
487  0.243526  762.132463  0.996069  56.741403  34.569152  39.452524  22.647299  218.746789  127.566609
488  0.244024  766.943867  0.996093  57.073419  34.759735  39.786744  22.837595  220.117807  128.347233
489  0.244522  771.778288  0.996118  57.406881  34.951136  40.123264  23.029207  221.495446  129.131646
490  0.245020  776.634417  0.996142  57.741795  35.143357  40.462097  23.222140  222.879730  129.919867
491  0.245518  781.512668  0.996166  58.078164  35.336401  40.803255  23.416403  224.270682  130.711907
492  0.246016  786.411416  0.996190  58.415994  35.530271  41.146749  23.612004  225.668323  131.507786
493  0.246514  791.333507  0.996214  58.755290  35.724969  41.492593  23.808948  227.072678  132.307507
494  0.247012  796.277272  0.996237  59.096055  35.920498  41.840798  24.007242  228.483767  133.111090
495  0.247510  801.243036  0.996260  59.438295  36.116861  42.191376  24.206895  229.901615  133.918545
496  0.248008  806.232012  0.996284  59.782015  36.314061  42.544341  24.407911  231.326243  134.729883
497  0.248506  811.242857  0.996307  60.127218  36.512100  42.899704  24.610300  232.757676  135.545122
498  0.249004  816.276774  0.996329  60.473911  36.710981  43.257479  24.814068  234.195935  136.364271
499  0.249502  821.333028  0.996352  60.822097  36.910707  43.617677  25.019222  235.641044  137.187346
500  0.250000  826.411399  0.996374  61.171781  37.111281  43.980311  25.225770  237.093025  138.014361
501  0.250498  831.513092  0.996396  61.522969  37.312706  44.345394  25.433718  238.551901  138.845325