      density       alpha     S_nem     F(iso)     F(nem)     P(iso)     P(nem)     mu(iso)     mu(nem)
0    0.001000    1.852040  0.173003  -7.869999  -7.938005   0.001038   0.001038   -6.831947   -6.900355
1    0.001498    1.855667  0.173518  -7.446845  -7.515052   0.001584   0.001583   -6.389399   -6.458217
2    0.001996    1.859341  0.174040  -7.140659  -7.209071   0.002150   0.002148   -6.063521   -6.132757
3    0.002494    1.863062  0.174568  -6.898596  -6.967215   0.002736   0.002734   -5.801465   -5.871128
4    0.002992    1.866831  0.175104  -6.697072  -6.765901   0.003343   0.003340   -5.579646   -5.649744
5    0.003490    1.870648  0.175646  -6.523492  -6.592534   0.003972   0.003966   -5.385467   -5.456008
6    0.003988    1.874512  0.176195  -6.370333  -6.439590   0.004622   0.004615   -5.211401   -5.282395
7    0.004486    1.878425  0.176751  -6.232739  -6.302214   0.005294   0.005285   -5.052591   -5.124045
8    0.004984    1.882387  0.177314  -6.107393  -6.177089   0.005989   0.005978   -4.905717   -4.977641
9    0.005482    1.886397  0.177883  -5.991927  -6.061848   0.006707   0.006694   -4.768410   -4.840813
10   0.005980    1.890457  0.178460  -5.884595  -5.954742   0.007449   0.007433   -4.638919   -4.711810
11   0.006478    1.894566  0.179044  -5.784067  -5.854444   0.008215   0.008196   -4.515914   -4.589302
12   0.006976    1.898725  0.179635  -5.689311  -5.759921   0.009006   0.008983   -4.398359   -4.472253
13   0.007474    1.902934  0.180233  -5.599507  -5.670354   0.009821   0.009795   -4.285434   -4.359844
14   0.007972    1.907194  0.180839  -5.513997  -5.585082   0.010663   0.010632   -4.176475   -4.251410
15   0.008470    1.911504  0.181452  -5.432238  -5.503565   0.011530   0.011495   -4.070939   -4.146409
16   0.008968    1.915866  0.182072  -5.353783  -5.425356   0.012424   0.012384   -3.968376   -4.044390
17   0.009466    1.920279  0.182699  -5.278258  -5.350078   0.013346   0.013301   -3.868408   -3.944976
18   0.009964    1.924745  0.183334  -5.205343  -5.277415   0.014295   0.014244   -3.770714   -3.847847
19   0.010462    1.929263  0.183976  -5.134769  -5.207095   0.015272   0.015216   -3.675021   -3.752729
20   0.010960    1.933834  0.184626  -5.066300  -5.138885   0.016278   0.016215   -3.581091   -3.659385
21   0.011458    1.938458  0.185283  -4.999736  -5.072581   0.017313   0.017244   -3.488721   -3.567611
22   0.011956    1.943137  0.185948  -4.934899  -5.008008   0.018378   0.018302   -3.397730   -3.477227
23   0.012454    1.947869  0.186621  -4.871633  -4.945010   0.019474   0.019390   -3.307961   -3.388076
24   0.012952    1.952657  0.187301  -4.809802  -4.883451   0.020601   0.020509   -3.219273   -3.300017
25   0.013450    1.957500  0.187990  -4.749284  -4.823207   0.021759   0.021658   -3.131541   -3.212926
26   0.013948    1.962399  0.188686  -4.689971  -4.764172   0.022949   0.022840   -3.044655   -3.126692
27   0.014446    1.967355  0.189390  -4.631765  -4.706247   0.024172   0.024053   -2.958515   -3.041216
28   0.014944    1.972368  0.190102  -4.574579  -4.649346   0.025428   0.025299   -2.873029   -2.956406
29   0.015442    1.977439  0.190823  -4.518333  -4.593390   0.026718   0.026579   -2.788116   -2.872182
30   0.015940    1.982568  0.191552  -4.462958  -4.538307   0.028043   0.027892   -2.703702   -2.788469
31   0.016438    1.987757  0.192289  -4.408387  -4.484032   0.029402   0.029240   -2.619718   -2.705199
32   0.016936    1.993005  0.193034  -4.354561  -4.430506   0.030797   0.030624   -2.536102   -2.622311
33   0.017434    1.998314  0.193788  -4.301427  -4.377675   0.032229   0.032042   -2.452797   -2.539746
34   0.017932    2.003685  0.194551  -4.248934  -4.325490   0.033698   0.033498   -2.369750   -2.457453
35   0.018430    2.009117  0.195323  -4.197036  -4.273904   0.035204   0.034990   -2.286912   -2.375383
36   0.018928    2.014613  0.196103  -4.145693  -4.222876   0.036748   0.036519   -2.204237   -2.293491
37   0.019426    2.020173  0.196892  -4.094863  -4.172366   0.038331   0.038087   -2.121684   -2.211734
38   0.019924    2.025797  0.197690  -4.044513  -4.122340   0.039954   0.039694   -2.039213   -2.130075
39   0.020422    2.031487  0.198498  -3.994608  -4.072762   0.041616   0.041340   -1.956788   -2.048476
40   0.020920    2.037244  0.199314  -3.945117  -4.023603   0.043320   0.043026   -1.874373   -1.966904
41   0.021418    2.043069  0.200141  -3.896011  -3.974834   0.045065   0.044753   -1.791936   -1.885325
42   0.021916    2.048962  0.200976  -3.847262  -3.926426   0.046852   0.046521   -1.709447   -1.803711
43   0.022414    2.054926  0.201822  -3.798847  -3.878356   0.048683   0.048332   -1.626878   -1.722033
44   0.022912    2.060960  0.202677  -3.750740  -3.830599   0.050556   0.050185   -1.544200   -1.640264
45   0.023410    2.067067  0.203542  -3.702920  -3.783134   0.052474   0.052082   -1.461388   -1.558378
46   0.023908    2.073247  0.204418  -3.655365  -3.735938   0.054437   0.054022   -1.378418   -1.476351
47   0.024406    2.079499  0.205303  -3.608056  -3.688994   0.056446   0.056008   -1.295266   -1.394161
48   0.024904    2.085830  0.206199  -3.560975  -3.642281   0.058501   0.058039   -1.211910   -1.311786
49   0.025402    2.092240  0.207106  -3.514103  -3.595783   0.060603   0.060116   -1.128328   -1.229205
50   0.025900    2.098728  0.208024  -3.467425  -3.549483   0.062754   0.062240   -1.044501   -1.146398
51   0.026398    2.105297  0.208953  -3.420923  -3.503366   0.064953   0.064412   -0.960409   -1.063346
52   0.026896    2.111949  0.209893  -3.374584  -3.457416   0.067201   0.066632   -0.876033   -0.980032
53   0.027394    2.118684  0.210845  -3.328393  -3.411620   0.069500   0.068901   -0.791356   -0.896437
54   0.027892    2.125506  0.211808  -3.282337  -3.365964   0.071849   0.071220   -0.706359   -0.812545
55   0.028390    2.132415  0.212784  -3.236403  -3.320435   0.074251   0.073590   -0.621027   -0.728340
56   0.028888    2.139415  0.213771  -3.190579  -3.275022   0.076704   0.076011   -0.535343   -0.643807
57   0.029386    2.146506  0.214771  -3.144852  -3.229713   0.079212   0.078484   -0.449292   -0.558930
58   0.029884    2.153691  0.215784  -3.099213  -3.184496   0.081773   0.081010   -0.362858   -0.473695
59   0.030382    2.160972  0.216810  -3.053649  -3.139361   0.084390   0.083589   -0.276027   -0.388088
60   0.030880    2.168353  0.217849  -3.008152  -3.094299   0.087062   0.086223   -0.188785   -0.302096
61   0.031378    2.175834  0.218902  -2.962710  -3.049299   0.089791   0.088912   -0.101118   -0.215705
62   0.031876    2.183420  0.219969  -2.917316  -3.004352   0.092578   0.091658   -0.013012   -0.128904
63   0.032374    2.191113  0.221050  -2.871959  -2.959449   0.095423   0.094460    0.075546   -0.041679
64   0.032872    2.198915  0.222146  -2.826632  -2.914583   0.098327   0.097320    0.164568    0.045981
65   0.033370    2.206830  0.223257  -2.781325  -2.869744   0.101291   0.100238    0.254067    0.134088
66   0.033868    2.214860  0.224384  -2.736031  -2.824924   0.104316   0.103215    0.344056    0.222654
67   0.034366    2.223011  0.225526  -2.690743  -2.780117   0.107404   0.106253    0.434545    0.311688
68   0.034864    2.231284  0.226685  -2.645451  -2.735315   0.110554   0.109352    0.525548    0.401203
69   0.035362    2.239687  0.227861  -2.600151  -2.690510   0.113768   0.112512    0.617075    0.491207
70   0.035860    2.248218  0.229053  -2.554833  -2.645697   0.117046   0.115735    0.709137    0.581712
71   0.036358    2.256884  0.230264  -2.509493  -2.600868   0.120390   0.119021    0.801747    0.672728
72   0.036856    2.265691  0.231493  -2.464122  -2.556017   0.123801   0.122372    0.894914    0.764263
73   0.037354    2.274642  0.232742  -2.418716  -2.511138   0.127279   0.125788    0.988650    0.856328
74   0.037852    2.283743  0.234010  -2.373267  -2.466226   0.130825   0.129271    1.082964    0.948932
75   0.038350    2.292999  0.235298  -2.327770  -2.421273   0.134441   0.132820    1.177868    1.042083
76   0.038848    2.302416  0.236607  -2.282219  -2.376276   0.138128   0.136437    1.273373    1.135791
77   0.039346    2.311999  0.237938  -2.236609  -2.331228   0.141885   0.140123    1.369486    1.230064
78   0.039844    2.321755  0.239292  -2.190933  -2.286124   0.145716   0.143878    1.466220    1.324911
79   0.040342    2.331691  0.240669  -2.145187  -2.240959   0.149619   0.147704    1.563584    1.420339
80   0.040840    2.341814  0.242070  -2.099366  -2.195729   0.153597   0.151602    1.661588    1.516357
81   0.041338    2.352131  0.243496  -2.053464  -2.150428   0.157651   0.155571    1.760241    1.612972
82   0.041836    2.362652  0.244948  -2.007477  -2.105052   0.161781   0.159615    1.859553    1.710193
83   0.042334    2.373384  0.246428  -1.961399  -2.059596   0.165989   0.163732    1.959534    1.808025
84   0.042832    2.384339  0.247936  -1.915226  -2.014056   0.170275   0.167924    2.060193    1.906477
85   0.043330    2.395524  0.249474  -1.868954  -1.968428   0.174641   0.172193    2.161540    2.005555
86   0.043828    2.406952  0.251042  -1.822578  -1.922707   0.179088   0.176538    2.263583    2.105266
87   0.044326    2.418631  0.252643  -1.776094  -1.876890   0.183617   0.180961    2.366333    2.205617
88   0.044824    2.430577  0.254277  -1.729497  -1.830973   0.188229   0.185463    2.469798    2.306613
89   0.045322    2.442802  0.255947  -1.682783  -1.784951   0.192925   0.190045    2.573987    2.408261
90   0.045820    2.455321  0.257654  -1.635949  -1.738821   0.197707   0.194707    2.678910    2.510566
91   0.046318    2.468149  0.259399  -1.588989  -1.692580   0.202575   0.199451    2.784575    2.613534
92   0.046816    2.481302  0.261186  -1.541900  -1.646223   0.207530   0.204277    2.890992    2.717169
93   0.047314    2.494799  0.263015  -1.494679  -1.599748   0.212575   0.209186    2.998169    2.821477
94   0.047812    2.508659  0.264890  -1.447321  -1.553152   0.217709   0.214179    3.106116    2.926461
95   0.048310    2.522903  0.266812  -1.399822  -1.506430   0.222934   0.219258    3.214841    3.032127
96   0.048808    2.537554  0.268785  -1.352180  -1.459580   0.228252   0.224422    3.324354    3.138476
97   0.049306    2.552639  0.270811  -1.304390  -1.412599   0.233664   0.229673    3.434662    3.245513
98   0.049804    2.568182  0.272894  -1.256448  -1.365483   0.239170   0.235011    3.545775    3.353239
99   0.050302    2.584216  0.275036  -1.208352  -1.318231   0.244772   0.240438    3.657702    3.461658
100  0.050800    2.600768  0.277242  -1.160097  -1.270839   0.250472   0.245954    3.770452    3.570770
101  0.051298    2.617881  0.279516  -1.111681  -1.223304   0.256270   0.251559    3.884032    3.680575
102  0.051796    2.635593  0.281862  -1.063099  -1.175624   0.262168   0.257255    3.998453    3.791074
103  0.052294    2.653945  0.284285  -1.014350  -1.127797   0.268167   0.263042    4.113722    3.902265
104  0.052792    2.672984  0.286790  -0.965428  -1.079820   0.274269   0.268921    4.229848    4.014147
105  0.053290    2.692765  0.289383  -0.916332  -1.031691   0.280474   0.274892    4.346840    4.126716
106  0.053788    2.713345  0.292071  -0.867057  -0.983408   0.286785   0.280955    4.464707    4.239968
107  0.054286    2.734791  0.294861  -0.817602  -0.934968   0.293202   0.287111    4.583458    4.353897
108  0.054784    2.757173  0.297760  -0.767962  -0.886371   0.299727   0.293361    4.703101    4.468495
109  0.055282    2.780573  0.300777  -0.718134  -0.837614   0.306361   0.299704    4.823644    4.583753
110  0.055780    2.805076  0.303921  -0.668116  -0.788695   0.313105   0.306140    4.945097    4.699659
111  0.056278    2.830790  0.307204  -0.617904  -0.739614   0.319961   0.312670    5.067468    4.816199
112  0.056776    2.857817  0.310636  -0.567496  -0.690369   0.326931   0.319293    5.190766    4.933356
113  0.057274    2.886283  0.314229  -0.516888  -0.640959   0.334016   0.326008    5.314999    5.051112
114  0.057772    2.916327  0.317998  -0.466078  -0.591383   0.341216   0.332814    5.440177    5.169442
115  0.058270    2.948099  0.321956  -0.415062  -0.541641   0.348534   0.339712    5.566307    5.288319
116  0.058768    2.981762  0.326120  -0.363839  -0.491732   0.355972   0.346699    5.693399    5.407713
117  0.059266    3.017504  0.330508  -0.312403  -0.441657   0.363530   0.353773    5.821462    5.527587
118  0.059764    3.055513  0.335134  -0.260754  -0.391416   0.371210   0.360934    5.950503    5.647901
119  0.060262    3.096004  0.340017  -0.208888  -0.341009   0.379013   0.368178    6.080532    5.768611
120  0.060760    3.139180  0.345174  -0.156803  -0.290438   0.386942   0.375503    6.211558    5.889667
121  0.061258    3.185256  0.350619  -0.104495  -0.239703   0.394997   0.382907    6.343590    6.011019
122  0.061756    3.234430  0.356363  -0.051962  -0.188807   0.403180   0.390386    6.476635    6.132613
123  0.062254    3.286872  0.362412   0.000799  -0.137752   0.411493   0.397937    6.610703    6.254397
124  0.062752    3.342705  0.368767   0.053791  -0.086540   0.419937   0.405558    6.745803    6.376327
125  0.063250    3.401986  0.375416   0.107016  -0.035174   0.428514   0.413246    6.881943    6.498365
126  0.063748    3.464703  0.382342   0.160476   0.016343   0.437226   0.421001    7.019133    6.620485
127  0.064246    3.530751  0.389515   0.214176   0.068008   0.446073   0.428821    7.157380    6.742680
128  0.064744    3.599944  0.396897   0.268117   0.119819   0.455058   0.436707    7.296695    6.864959
129  0.065242    3.672035  0.404446   0.322302   0.171772   0.464183   0.444662    7.437086    6.987347
130  0.065740    3.746742  0.412117   0.376734   0.223866   0.473448   0.452687    7.578562    7.109880
131  0.066238    3.823782  0.419867   0.431415   0.276099   0.482856   0.460785    7.721131    7.232601
132  0.066736    3.902898  0.427660   0.486348   0.328468   0.492409   0.468960    7.864803    7.355556
133  0.067234    3.983896  0.435465   0.541536   0.380974   0.502107   0.477214    8.009587    7.478784
134  0.067732    4.066646  0.443263   0.596980   0.433615   0.511953   0.485550    8.155492    7.602316
135  0.068230    4.151102  0.451040   0.652685   0.486390   0.521949   0.493970    8.302526    7.726172
136  0.068728    4.237301  0.458794   0.708651   0.539299   0.532095   0.502475    8.450699    7.850359
137  0.069226    4.325357  0.466526   0.764882   0.592341   0.542395   0.511063    8.600019    7.974870
138  0.069724    4.415469  0.474247   0.821381   0.645516   0.552850   0.519734    8.750497    8.099684
139  0.070222    4.507919  0.481971   0.878150   0.698823   0.563461   0.528487    8.902141    8.224765
140  0.070720    4.603070  0.489718   0.935191   0.752260   0.574230   0.537316    9.054959    8.350060
141  0.071218    4.701389  0.497513   0.992507   0.805827   0.585159   0.546219    9.208962    8.475500
142  0.071716    4.803445  0.505386   1.050101   0.859522   0.596251   0.555188    9.364159    8.600995
143  0.072214    4.909953  0.513372   1.107975   0.913341   0.607506   0.564215    9.520558    8.726431
144  0.072712    5.021790  0.521512   1.166131   0.967281   0.618927   0.573289    9.678169    8.851664
145  0.073210    5.140061  0.529859   1.224572   1.021338   0.630516   0.582398    9.837001    8.976513
146  0.073708    5.266160  0.538471   1.283301   1.075507   0.642274   0.591524    9.997063    9.100748
147  0.074206    5.401892  0.547425   1.342320   1.129779   0.654203   0.600645   10.158366    9.224072
148  0.074704    5.549607  0.556813   1.401632   1.184145   0.666306   0.609731   10.320917    9.346104
149  0.075202    5.712434  0.566753   1.461239   1.238595   0.678584   0.618743   10.484727    9.466340
150  0.075700    5.894571  0.577390   1.521143   1.293111   0.691040   0.627630   10.649805    9.584122
151  0.076198    6.101647  0.588904   1.581347   1.347674   0.703674   0.636323   10.816160    9.698591
152  0.076696    6.340946  0.601494   1.641854   1.402258   0.716490   0.644740   10.983802    9.808688
153  0.077194    6.620705  0.615315   1.702665   1.456830   0.729489   0.652790   11.152741    9.913315
154  0.077692    6.946779  0.630311   1.763785   1.511355   0.742673   0.660427   11.322985   10.011930
155  0.078190    7.315090  0.645952   1.825214   1.565797   0.756045   0.667735   11.494544   10.105694
156  0.078688    7.706390  0.661227   1.886955   1.620136   0.769606   0.674977   11.667428   10.198021
157  0.079186    8.095452  0.675198   1.949012   1.674378   0.783358   0.682461   11.841647   10.292837
158  0.079684    8.465806  0.687492   2.011386   1.728549   0.797304   0.690369   12.017210   10.392382
159  0.080182    8.812417  0.698202   2.074079   1.782681   0.811446   0.698739   12.194127   10.497090
160  0.080680    9.136457  0.707584   2.137095   1.836807   0.825785   0.707542   12.372407   10.606537
161  0.081178    9.441151  0.715899   2.200436   1.890953   0.840324   0.716731   12.552061   10.720087
162  0.081676    9.729834  0.723359   2.264103   1.945141   0.855066   0.726264   12.733098   10.837153
163  0.082174   10.005495  0.730132   2.328101   1.999392   0.870011   0.736103   12.915528   10.957244
164  0.082672   10.270560  0.736343   2.392430   2.053721   0.885163   0.746219   13.099360   11.079979
165  0.083170   10.527068  0.742091   2.457095   2.108141   0.900524   0.756590   13.284605   11.205052
166  0.083668   10.776633  0.747452   2.522096   2.162664   0.916096   0.767199   13.471272   11.332227
167  0.084166   11.020652  0.752484   2.587437   2.217301   0.931880   0.778031   13.659371   11.461311
168  0.084664   11.260241  0.757236   2.653119   2.272059   0.947881   0.789077   13.848913   11.592154
169  0.085162   11.496408  0.761747   2.719146   2.326946   0.964099   0.800325   14.039907   11.724626
170  0.085660   11.729976  0.766049   2.785520   2.381970   0.980537   0.811770   14.232364   11.858627
171  0.086158   11.961703  0.770167   2.852244   2.437136   0.997197   0.823406   14.426293   11.994068
172  0.086656   12.192277  0.774124   2.919319   2.492451   1.014082   0.835227   14.621704   12.130871
173  0.087154   12.422299  0.777940   2.986749   2.547919   1.031194   0.847229   14.818608   12.268974
174  0.087652   12.652352  0.781630   3.054535   2.603545   1.048535   0.859408   15.017015   12.408319
175  0.088150   12.882979  0.785210   3.122680   2.659334   1.066109   0.871761   15.216935   12.548854
176  0.088648   13.114706  0.788691   3.191188   2.715288   1.083916   0.884285   15.418378   12.690531
177  0.089146   13.348058  0.792086   3.260059   2.771411   1.101960   0.896978   15.621354   12.833307
178  0.089644   13.583539  0.795404   3.329297   2.827707   1.120243   0.909836   15.825875   12.977140
179  0.090142   13.821687  0.798653   3.398905   2.884178   1.138768   0.922857   16.031949   13.121989
180  0.090640   14.063025  0.801844   3.468884   2.940828   1.157537   0.936038   16.239588   13.267815
181  0.091138   14.308122  0.804983   3.539237   2.997657   1.176552   0.949377   16.448801   13.414577
182  0.091636   14.557574  0.808078   3.609966   3.054670   1.195816   0.962871   16.659600   13.562234
183  0.092134   14.812011  0.811136   3.681075   3.111866   1.215332   0.976517   16.871995   13.710743
184  0.092632   15.072118  0.814163   3.752566   3.169247   1.235102   0.990311   17.085996   13.860058
185  0.093130   15.338626  0.817166   3.824440   3.226816   1.255129   1.004250   17.301614   14.010132
186  0.093628   15.612360  0.820152   3.896701   3.284572   1.275415   1.018330   17.518859   14.160911
187  0.094126   15.894258  0.823128   3.969351   3.342517   1.295964   1.032545   17.737742   14.312336
188  0.094624   16.185303  0.826099   4.042393   3.400650   1.316776   1.046891   17.958274   14.464345
189  0.095122   16.486680  0.829072   4.115829   3.458972   1.337856   1.061361   18.180465   14.616863
190  0.095620   16.799701  0.832055   4.189661   3.517482   1.359206   1.075947   18.404326   14.769808
191  0.096118   17.125896  0.835055   4.263893   3.576178   1.380829   1.090642   18.629868   14.923086
192  0.096616   17.467006  0.838081   4.338526   3.635061   1.402727   1.105435   18.857102   15.076589
193  0.097114   17.825123  0.841140   4.413564   3.694127   1.424903   1.120313   19.086038   15.230189
194  0.097612   18.202662  0.844243   4.489008   3.753373   1.447359   1.135263   19.316687   15.383740
195  0.098110   18.602550  0.847401   4.564861   3.812798   1.470100   1.150268   19.549060   15.537066
196  0.098608   19.028290  0.850626   4.641126   3.872395   1.493127   1.165306   19.783169   15.689957
197  0.099106   19.484134  0.853931   4.717806   3.932160   1.516442   1.180353   20.019024   15.842164
198  0.099604   19.975315  0.857333   4.794902   3.992086   1.540050   1.195377   20.256635   15.993382
199  0.100102   20.508310  0.860851   4.872418   4.052165   1.563953   1.210341   20.496015   16.143241
200  0.100600   21.091266  0.864505   4.950355   4.112387   1.588154   1.225197   20.737175   16.291283
201  0.101098   21.734339  0.868320   5.028717   4.172739   1.612655   1.239888   20.980124   16.436954
202  0.101596   22.450496  0.872325   5.107507   4.233206   1.637460   1.254340   21.224875   16.579559
203  0.102094   23.255851  0.876547   5.186726   4.293770   1.662572   1.268467   21.471439   16.718272
204  0.102592   24.170272  0.881016   5.266377   4.354408   1.687992   1.282165   21.719827   16.852120
205  0.103090   25.216854  0.885750   5.346462   4.415093   1.713726   1.295322   21.970049   16.980053
206  0.103588   26.419138  0.890744   5.426986   4.475793   1.739774   1.307835   22.222119   17.101148
207  0.104086   27.794653  0.895949   5.507949   4.536474   1.766141   1.319656   22.476046   17.214994
208  0.104584   29.344069  0.901249   5.589354   4.597103   1.792830   1.330845   22.731842   17.322237
209  0.105082   31.041966  0.906470   5.671205   4.657654   1.819843   1.341609   22.989519   17.424913
210  0.105580   32.839679  0.911429   5.753504   4.718113   1.847184   1.352261   23.249088   17.526040
211  0.106078   34.682230  0.915994   5.836252   4.778482   1.874855   1.363112   23.510561   17.628577
212  0.106576   36.525371  0.920114   5.919454   4.838773   1.902861   1.374386   23.773949   17.734603
213  0.107074   38.341649  0.923797   6.003111   4.899006   1.931203   1.386198   24.039263   17.845170
214  0.107572   40.118024  0.927085   6.087227   4.959205   1.959885   1.398583   24.306516   17.960574
215  0.108070   41.850774  0.930030   6.171803   5.019392   1.988911   1.411534   24.575718   18.080689
216  0.108568   43.540654  0.932681   6.256843   5.079588   2.018283   1.425024   24.846883   18.205222
217  0.109066   45.190998  0.935084   6.342349   5.139813   2.048006   1.439017   25.120020   18.333814
218  0.109564   46.805610  0.937275   6.428323   5.200082   2.078081   1.453481   25.395143   18.466127
219  0.110062   48.388696  0.939283   6.514769   5.260413   2.108512   1.468385   25.672262   18.601845
220  0.110560   49.944063  0.941135   6.601689   5.320819   2.139303   1.483701   25.951390   18.740695
221  0.111058   51.475252  0.942852   6.689085   5.381313   2.170457   1.499409   26.232538   18.882443
222  0.111556   52.985500  0.944449   6.776961   5.441905   2.201977   1.515486   26.515719   19.026884
223  0.112054   54.477549  0.945942   6.865319   5.502606   2.233867   1.531917   26.800944   19.173849
224  0.112552   55.953782  0.947343   6.954161   5.563426   2.266129   1.548689   27.088226   19.323194
225  0.113050   57.416457  0.948660   7.043491   5.624372   2.298768   1.565790   27.377576   19.474792
226  0.113548   58.867430  0.949904   7.133310   5.685454   2.331787   1.583209   27.669006   19.628538
227  0.114046   60.308428  0.951081   7.223623   5.746678   2.365189   1.600939   27.962529   19.784340
228  0.114544   61.740927  0.952197   7.314431   5.808052   2.398978   1.618973   28.258157   19.942121
229  0.115042   63.166276  0.953258   7.405737   5.869581   2.433157   1.637304   28.555901   20.101811
230  0.115540   64.585674  0.954269   7.497544   5.931272   2.467730   1.655928   28.855774   20.263352
231  0.116038   66.000192  0.955234   7.589854   5.993131   2.502700   1.674842   29.157789   20.426692
232  0.116536   67.410723  0.956157   7.682671   6.055163   2.538071   1.694040   29.461957   20.591791
233  0.117034   68.818261  0.957040   7.775996   6.117373   2.573846   1.713522   29.768291   20.758605
234  0.117532   70.223460  0.957888   7.869834   6.179767   2.610030   1.733284   30.076804   20.927106
235  0.118030   71.627136  0.958701   7.964185   6.242348   2.646625   1.753325   30.387507   21.097260
236  0.118528   73.029942  0.959483   8.059054   6.305122   2.683635   1.773644   30.700413   21.269042
237  0.119026   74.432364  0.960236   8.154443   6.368092   2.721064   1.794239   31.015534   21.442433
238  0.119524   75.835182  0.960962   8.250355   6.431264   2.758916   1.815109   31.332884   21.617408
239  0.120022   77.238531  0.961662   8.346792   6.494641   2.797195   1.836255   31.652474   21.793959
240  0.120520   78.643266  0.962338   8.443758   6.558226   2.835903   1.857676   31.974317   21.972062
241  0.121018   80.049517  0.962991   8.541254   6.622025   2.875045   1.879372   32.298427   22.151712
242  0.121516   81.457951  0.963623   8.639285   6.686040   2.914626   1.901343   32.624814   22.332891
243  0.122014   82.868745  0.964235   8.737851   6.750275   2.954647   1.923590   32.953493   22.515594
244  0.122512   84.282263  0.964828   8.836958   6.814733   2.995114   1.946113   33.284476   22.699814
245  0.123010   85.698968  0.965402   8.936606   6.879418   3.036031   1.968913   33.617776   22.885541
246  0.123508   87.119125  0.965960   9.036800   6.944334   3.077400   1.991991   33.953405   23.072769
247  0.124006   88.542845  0.966501   9.137541   7.009483   3.119227   2.015347   34.291377   23.261499
248  0.124504   89.970544  0.967026   9.238833   7.074869   3.161514   2.038984   34.631704   23.451723
249  0.125002   91.402532  0.967537   9.340678   7.140495   3.204266   2.062901   34.974399   23.643439
250  0.125500   92.839085  0.968034   9.443080   7.206364   3.247488   2.087100   35.319476   23.836642
251  0.125998   94.280241  0.968517   9.546041   7.272478   3.291182   2.111583   35.666947   24.031336
252  0.126496   95.726320  0.968988   9.649564   7.338841   3.335353   2.136350   36.016825   24.227519
253  0.126994   97.177549  0.969446   9.753652   7.405457   3.380005   2.161404   36.369123   24.425189
254  0.127492   98.634004  0.969893   9.858307   7.472326   3.425142   2.186746   36.723855   24.624351
255  0.127990  100.096013  0.970328   9.963533   7.539454   3.470769   2.212377   37.081034   24.825001
256  0.128488  101.563734  0.970753  10.069333   7.606841   3.516889   2.238300   37.440673   25.027142
257  0.128986  103.037126  0.971167  10.175708   7.674491   3.563506   2.264515   37.802785   25.230780
258  0.129484  104.516681  0.971571  10.282663   7.742407   3.610625   2.291026   38.167384   25.435911
259  0.129982  106.002519  0.971966  10.390201   7.810592   3.658250   2.317832   38.534482   25.642538
260  0.130480  107.494655  0.972351  10.498323   7.879047   3.706385   2.344937   38.904093   25.850667
261  0.130978  108.993175  0.972728  10.607033   7.947776   3.755034   2.372342   39.276231   26.060302
262  0.131476  110.498410  0.973096  10.716334   8.016782   3.804202   2.400050   39.650910   26.271444
263  0.131974  112.010329  0.973456  10.826228   8.086066   3.853893   2.428062   40.028141   26.484099
264  0.132472  113.529229  0.973808  10.936720   8.155632   3.904111   2.456380   40.407940   26.698269
265  0.132970  115.055044  0.974152  11.047811   8.225481   3.954861   2.485007   40.790319   26.913961
266  0.133468  116.587895  0.974489  11.159504   8.295617   4.006147   2.513945   41.175293   27.131180
267  0.133966  118.128188  0.974819  11.271804   8.366041   4.057974   2.543195   41.562874   27.349925
268  0.134464  119.675763  0.975142  11.384711   8.436757   4.110345   2.572760   41.953077   27.570207
269  0.134962  121.230885  0.975458  11.498230   8.507767   4.163265   2.602642   42.345915   27.792028
270  0.135460  122.793506  0.975768  11.612364   8.579073   4.216740   2.632844   42.741402   28.015396
271  0.135958  124.363847  0.976071  11.727114   8.650678   4.270772   2.663368   43.139552   28.240315
272  0.136456  125.942105  0.976369  11.842486   8.722584   4.325368   2.694215   43.540379   28.466788
273  0.136954  127.528193  0.976660  11.958480   8.794793   4.380531   2.725389   43.943896   28.694826
274  0.137452  129.122144  0.976946  12.075101   8.867308   4.436266   2.756892   44.350118   28.924434
275  0.137950  130.724397  0.977227  12.192351   8.940131   4.492577   2.788726   44.759058   29.155613
276  0.138448  132.334746  0.977502  12.310234   9.013265   4.549470   2.820893   45.170731   29.388374
277  0.138946  133.953391  0.977771  12.428752   9.086711   4.606949   2.853397   45.585150   29.622722
278  0.139444  135.580448  0.978036  12.547908   9.160473   4.665018   2.886239   46.002329   29.858664
279  0.139942  137.215924  0.978296  12.667706   9.234552   4.723683   2.919422   46.422283   30.096206
280  0.140440  138.860096  0.978551  12.788148   9.308951   4.782948   2.952948   46.845026   30.335352
281  0.140938  140.512778  0.978802  12.909238   9.383672   4.842818   2.986820   47.270572   30.576114
282  0.141436  142.174240  0.979048  13.030979   9.458717   4.903297   3.021042   47.698935   30.818496
283  0.141934  143.844410  0.979289  13.153373   9.534089   4.964391   3.055614   48.130129   31.062506
284  0.142432  145.523663  0.979526  13.276424   9.609790   5.026104   3.090540   48.564170   31.308147
285  0.142930  147.211894  0.979760  13.400135   9.685822   5.088442   3.125823   49.001070   31.555430
286  0.143428  148.909041  0.979989  13.524508   9.762188   5.151408   3.161465   49.440845   31.804364
287  0.143926  150.615183  0.980214  13.649548   9.838890   5.215009   3.197469   49.883509   32.054955
288  0.144424  152.330834  0.980435  13.775256   9.915929   5.279249   3.233838   50.329077   32.307205
289  0.144922  154.055617  0.980653  13.901637   9.993309   5.344133   3.270573   50.777562   32.561127
290  0.145420  155.789730  0.980867  14.028693  10.071031   5.409666   3.307679   51.228980   32.816728
291  0.145918  157.533453  0.981077  14.156428  10.149098   5.475853   3.345158   51.683345   33.074012
292  0.146416  159.286441  0.981284  14.284844  10.227511   5.542699   3.383012   52.140671   33.332993
293  0.146914  161.049303  0.981488  14.413944  10.306274   5.610209   3.421244   52.600974   33.593670
294  0.147412  162.821640  0.981688  14.543733  10.385388   5.678389   3.459858   53.064268   33.856058
295  0.147910  164.603690  0.981885  14.674212  10.464856   5.747244   3.498856   53.530568   34.120163
296  0.148408  166.395574  0.982079  14.805386  10.544680   5.816778   3.538241   53.999889   34.385991
297  0.148906  168.197592  0.982270  14.937256  10.624861   5.886997   3.578016   54.472245   34.653548
298  0.149404  170.009152  0.982458  15.069828  10.705403   5.957906   3.618183   54.947651   34.922850
299  0.149902  171.830651  0.982643  15.203103  10.786307   6.029511   3.658747   55.426122   35.193901
300  0.150400  173.662507  0.982825  15.337084  10.867576   6.101817   3.699709   55.907674   35.466704
301  0.150898  175.504306  0.983004  15.471776  10.949212   6.174828   3.741073   56.392320   35.741274
302  0.151396  177.356474  0.983180  15.607181  11.031217   6.248551   3.782841   56.880077   36.017614
303  0.151894  179.218905  0.983354  15.743302  11.113593   6.322991   3.825016   57.370959   36.295735
304  0.152392  181.091836  0.983525  15.880143  11.196342   6.398154   3.867602   57.864982   36.575642
305  0.152890  182.974689  0.983694  16.017707  11.279467   6.474043   3.910603   58.362159   36.857353
306  0.153388  184.868338  0.983860  16.155996  11.362969   6.550666   3.954020   58.862508   37.140865
307  0.153886  186.772427  0.984024  16.295015  11.446852   6.628028   3.997857   59.366042   37.426192
308  0.154384  188.687339  0.984185  16.434767  11.531117   6.706134   4.042116   59.872778   37.713338
309  0.154882  190.612858  0.984344  16.575254  11.615766   6.784989   4.086802   60.382729   38.002316
310  0.155380  192.548576  0.984500  16.716481  11.700802   6.864600   4.131917   60.895913   38.293140
311  0.155878  194.496425  0.984655  16.858450  11.786226   6.944972   4.177463   61.412344   38.585794
312  0.156376  196.453345  0.984807  17.001164  11.872041   7.026110   4.223448   61.932037   38.880327
313  0.156874  198.422122  0.984957  17.144627  11.958250   7.108021   4.269869   62.455008   39.176713
314  0.157372  200.401735  0.985105  17.288843  12.044853   7.190709   4.316733   62.981273   39.474974
315  0.157870  202.392475  0.985251  17.433814  12.131854   7.274181   4.364042   63.510847   39.775117
316  0.158368  204.394309  0.985394  17.579543  12.219255   7.358443   4.411799   64.043746   40.077151
317  0.158866  206.407265  0.985536  17.726035  12.307057   7.443500   4.460008   64.579984   40.381085
318  0.159364  208.431463  0.985676  17.873292  12.395264   7.529357   4.508673   65.119579   40.686927
319  0.159862  210.466835  0.985814  18.021318  12.483877   7.616022   4.557795   65.662546   40.994688
320  0.160360  212.513682  0.985950  18.170116  12.572898   7.703499   4.607380   66.208899   41.304374
321  0.160858  214.572306  0.986084  18.319689  12.662329   7.791795   4.657428   66.758656   41.615991
322  0.161356  216.641769  0.986216  18.470041  12.752174   7.880916   4.707946   67.311832   41.929559
323  0.161854  218.722992  0.986347  18.621176  12.842433   7.970867   4.758936   67.868442   42.245077
324  0.162352  220.815921  0.986476  18.773095  12.933109   8.061655   4.810400   68.428504   42.562557
325  0.162850  222.920544  0.986603  18.925804  13.024205   8.153285   4.862343   68.992031   42.882007
326  0.163348  225.036528  0.986728  19.079304  13.115722   8.245764   4.914769   69.559042   43.203440
327  0.163846  227.164606  0.986852  19.233600  13.207663   8.339098   4.967679   70.129551   43.526860
328  0.164344  229.304401  0.986974  19.388696  13.300029   8.433293   5.021079   70.703575   43.852280
329  0.164842  231.456260  0.987095  19.544593  13.392824   8.528354   5.074971   71.281130   44.179705
330  0.165340  233.620013  0.987214  19.701297  13.486049   8.624289   5.129359   71.862231   44.509147
331  0.165838  235.795616  0.987331  19.858809  13.579707   8.721103   5.184247   72.446896   44.840617
332  0.166336  237.983421  0.987447  20.017135  13.673799   8.818803   5.239638   73.035140   45.174121
333  0.166834  240.183231  0.987562  20.176276  13.768327   8.917395   5.295535   73.626979   45.509671
334  0.167332  242.395454  0.987675  20.336237  13.863295   9.016885   5.351943   74.222431   45.847272
335  0.167830  244.619340  0.987786  20.497021  13.958704   9.117279   5.408865   74.821510   46.186942
336  0.168328  246.856229  0.987896  20.658631  14.054557   9.218585   5.466304   75.424235   46.528678
337  0.168826  249.104944  0.988005  20.821071  14.150855   9.320807   5.524265   76.030620   46.872501
338  0.169324  251.366690  0.988113  20.984344  14.247601   9.423954   5.582749   76.640682   47.218409
339  0.169822  253.640711  0.988219  21.148454  14.344797   9.528030   5.641762   77.254439   47.566420
340  0.170320  255.927066  0.988324  21.313405  14.442446   9.633044   5.701308   77.871906   47.916544
341  0.170818  258.226069  0.988427  21.479199  14.540548   9.739000   5.761390   78.493100   48.268787
342  0.171316  260.537858  0.988530  21.645841  14.639108   9.845907   5.822011   79.118038   48.623157
343  0.171814  262.862258  0.988631  21.813333  14.738126   9.953770   5.883176   79.746736   48.979668
344  0.172312  265.199386  0.988730  21.981680  14.837606  10.062595   5.944888   80.379211   49.338328
345  0.172810  267.549582  0.988829  22.150885  14.937548  10.172391   6.007151   81.015480   49.699144
346  0.173308  269.912801  0.988926  22.320951  15.037957  10.283162   6.069969   81.655559   50.062126
347  0.173806  272.288375  0.989023  22.491882  15.138833  10.394917   6.133346   82.299466   50.427291
348  0.174304  274.677304  0.989118  22.663681  15.240179  10.507661   6.197285   82.947217   50.794640
349  0.174802  277.079426  0.989212  22.836352  15.341997  10.621402   6.261790   83.598829   51.164185
350  0.175300  279.494472  0.989305  23.009899  15.444290  10.736147   6.326866   84.254319   51.535938
351  0.175798  281.922779  0.989397  23.184325  15.547060  10.851901   6.392516   84.913704   51.909907
352  0.176296  284.364677  0.989487  23.359634  15.650308  10.968673   6.458743   85.577001   52.286099
353  0.176794  286.819183  0.989577  23.535829  15.754037  11.086469   6.525554   86.244227   52.664533
354  0.177292  289.287446  0.989666  23.712914  15.858250  11.205295   6.592950   86.915400   53.045209
355  0.177790  291.769080  0.989753  23.890892  15.962949  11.325160   6.660937   87.590535   53.428142
356  0.178288  294.264390  0.989840  24.069768  16.068135  11.446069   6.729517   88.269652   53.813338
357  0.178786  296.773191  0.989925  24.249544  16.173812  11.568030   6.798695   88.952765   54.200811
358  0.179284  299.295230  0.990010  24.430224  16.279981  11.691050   6.868476   89.639894   54.590572
359  0.179782  301.831355  0.990094  24.611813  16.386645  11.815137   6.938862   90.331055   54.982625
360  0.180280  304.381078  0.990176  24.794313  16.493805  11.940296   7.009859   91.026266   55.376984
361  0.180778  306.944578  0.990258  24.977728  16.601465  12.066536   7.081471   91.725543   55.773659
362  0.181276  309.521557  0.990339  25.162063  16.709626  12.193864   7.153701   92.428905   56.172663
363  0.181774  312.113399  0.990419  25.347320  16.818291  12.322287   7.226553   93.136369   56.573994
364  0.182272  314.718222  0.990498  25.533503  16.927461  12.451811   7.300033   93.847952   56.977679
365  0.182770  317.337496  0.990576  25.720616  17.037140  12.582445   7.374144   94.563672   57.383716
366  0.183268  319.970115  0.990653  25.908662  17.147330  12.714196   7.448890   95.283546   57.792125
367  0.183766  322.617980  0.990730  26.097646  17.258032  12.847071   7.524275   96.007592   58.202901
368  0.184264  325.279525  0.990806  26.287571  17.369249  12.981078   7.600304   96.735828   58.616068
369  0.184762  327.955638  0.990880  26.478440  17.480984  13.116223   7.676980   97.468271   59.031629
370  0.185260  330.645581  0.990954  26.670258  17.593238  13.252515   7.754310   98.204940   59.449601
371  0.185758  333.349618  0.991027  26.863028  17.706014  13.389961   7.832296   98.945851   59.869992
372  0.186256  336.068779  0.991100  27.056754  17.819314  13.528568   7.910943   99.691023   60.292805
373  0.186754  338.802342  0.991171  27.251440  17.933141  13.668345   7.990254  100.440474   60.718057
374  0.187252  341.550270  0.991242  27.447089  18.047496  13.809298   8.070236  101.194221   61.145758
375  0.187750  344.312883  0.991312  27.643705  18.162382  13.951436   8.150891  101.952283   61.575917
376  0.188248  347.089840  0.991382  27.841292  18.277802  14.094765   8.232225  102.714677   62.008548
377  0.188746  349.881784  0.991450  28.039853  18.393758  14.239294   8.314242  103.481421   62.443656
378  0.189244  352.688691  0.991518  28.239393  18.510251  14.385031   8.396946  104.252534   62.881253
379  0.189742  355.509748  0.991585  28.439915  18.627285  14.531983   8.480342  105.028033   63.321355
380  0.190240  358.346592  0.991652  28.641423  18.744862  14.680158   8.564433  105.807937   63.763961
381  0.190738  361.197993  0.991717  28.843921  18.862983  14.829563   8.649226  106.592264   64.209091
382  0.191236  364.064342  0.991782  29.047412  18.981652  14.980208   8.734724  107.381032   64.656754
383  0.191734  366.945659  0.991847  29.251901  19.100870  15.132099   8.820932  108.174259   65.106961
384  0.192232  369.843001  0.991910  29.457391  19.220640  15.285245   8.907853  108.971964   65.559714
385  0.192730  372.754196  0.991973  29.663887  19.340965  15.439654   8.995495  109.774164   66.015040
386  0.193228  375.681403  0.992036  29.871391  19.461846  15.595333   9.083859  110.580879   66.472935
387  0.193726  378.623971  0.992097  30.079908  19.583286  15.752291   9.172951  111.392127   66.933415
388  0.194224  381.582112  0.992159  30.289441  19.705287  15.910536   9.262776  112.207926   67.396490
389  0.194722  384.554741  0.992219  30.499995  19.827852  16.070076   9.353340  113.028295   67.862177
390  0.195220  387.543218  0.992279  30.711573  19.950983  16.230918   9.444645  113.853252   68.330479
391  0.195718  390.547424  0.992338  30.924180  20.074682  16.393073   9.536697  114.682816   68.801408
392  0.196216  393.567309  0.992397  31.137818  20.198952  16.556546   9.629501  115.517005   69.274975
393  0.196714  396.603158  0.992455  31.352493  20.323794  16.721348   9.723061  116.355838   69.751189
394  0.197212  399.654109  0.992512  31.568208  20.449213  16.887486   9.817382  117.199334   70.230069
395  0.197710  402.721662  0.992569  31.784966  20.575208  17.054968   9.912469  118.047512   70.711614
396  0.198208  405.804324  0.992625  32.002772  20.701785  17.223803  10.008327  118.900389   71.195846
397  0.198706  408.903330  0.992681  32.221630  20.828943  17.393999  10.104960  119.757986   71.682768
398  0.199204  412.018391  0.992736  32.441543  20.956687  17.565565  10.202374  120.620321   72.172394
399  0.199702  415.149008  0.992791  32.662516  21.085017  17.738510  10.300573  121.487413   72.664737
400  0.200200  418.296380  0.992845  32.884553  21.213938  17.912841  10.399562  122.359281   73.159802
401  0.200698  421.459350  0.992899  33.107657  21.343450  18.088567  10.499347  123.235943   73.657608
402  0.201196  424.638529  0.992952  33.331832  21.473557  18.265697  10.599932  124.117419   74.158162
403  0.201694  427.834405  0.993004  33.557083  21.604261  18.444240  10.701321  125.003728   74.661471
404  0.202192  431.046110  0.993056  33.783413  21.735563  18.624204  10.803521  125.894889   75.167554
405  0.202690  434.274496  0.993108  34.010826  21.867468  18.805597  10.906536  126.790921   75.676417
406  0.203188  437.519857  0.993159  34.239327  21.999976  18.988430  11.010370  127.691843   76.188068
407  0.203686  440.781158  0.993209  34.468919  22.133091  19.172710  11.115030  128.597675   76.702526
408  0.204184  444.059265  0.993259  34.699607  22.266815  19.358446  11.220520  129.508436   77.219797
409  0.204682  447.353412  0.993309  34.931393  22.401150  19.545647  11.326846  130.424144   77.739898
410  0.205180  450.665489  0.993358  35.164284  22.536099  19.734323  11.434010  131.344820   78.262828
411  0.205678  453.994045  0.993407  35.398281  22.671664  19.924481  11.542021  132.270483   78.788608
412  0.206176  457.338045  0.993455  35.633391  22.807847  20.116131  11.650884  133.201152   79.317255
413  0.206674  460.701134  0.993502  35.869616  22.944652  20.309282  11.760600  134.136847   79.848760
414  0.207172  464.079780  0.993550  36.106960  23.082080  20.503943  11.871179  135.077587   80.383156
415  0.207670  467.474974  0.993596  36.345428  23.220133  20.700123  11.982624  136.023391   80.920447
416  0.208168  470.887816  0.993643  36.585024  23.358815  20.897831  12.094940  136.974280   81.460639
417  0.208666  474.318808  0.993688  36.825751  23.498128  21.097076  12.208132  137.930272   82.003741
418  0.209164  477.766219  0.993734  37.067615  23.638074  21.297868  12.322207  138.891388   82.549776
419  0.209662  481.230383  0.993779  37.310619  23.778655  21.500215  12.437170  139.857648   83.098751
420  0.210160  484.712046  0.993824  37.554766  23.919875  21.704128  12.553025  140.829070   83.650676
421  0.210658  488.212726  0.993868  37.800062  24.061735  21.909614  12.669777  141.805675   84.205554
422  0.211156  491.728241  0.993911  38.046511  24.204238  22.116685  12.787434  142.787483   84.763419
423  0.211654  495.262688  0.993955  38.294116  24.347387  22.325348  12.905999  143.774513   85.324261
424  0.212152  498.814496  0.993998  38.542881  24.491184  22.535614  13.025479  144.766785   85.888100
425  0.212650  502.384269  0.994040  38.792811  24.635631  22.747491  13.145877  145.764320   86.454945
426  0.213148  505.971627  0.994083  39.043911  24.780731  22.960990  13.267201  146.767137   87.024810
427  0.213646  509.576620  0.994124  39.296183  24.926486  23.176120  13.389456  147.775257   87.597707
428  0.214144  513.199622  0.994166  39.549632  25.072900  23.392890  13.512646  148.788698   88.173645
429  0.214642  516.839963  0.994207  39.804263  25.219973  23.611311  13.636779  149.807482   88.752640
430  0.215140  520.499031  0.994247  40.060080  25.367710  23.831391  13.761857  150.831629   89.334696
431  0.215638  524.175822  0.994288  40.317087  25.516112  24.053141  13.887889  151.861159   89.919832
432  0.216136  527.870635  0.994328  40.575287  25.665182  24.276569  14.014880  152.896091   90.508057
433  0.216634  531.583777  0.994367  40.834686  25.814923  24.501687  14.142834  153.936447   91.099382
434  0.217132  535.314977  0.994406  41.095287  25.965336  24.728503  14.271757  154.982246   91.693821
435  0.217630  539.064124  0.994445  41.357095  26.116425  24.957028  14.401657  156.033510   92.291385
436  0.218128  542.832668  0.994484  41.620114  26.268191  25.187271  14.532536  157.090257   92.892081
437  0.218626  546.618332  0.994522  41.884348  26.420639  25.419243  14.664403  158.152510   93.495931
438  0.219124  550.423385  0.994560  42.149801  26.573769  25.652953  14.797261  159.220287   94.102936
439  0.219622  554.246885  0.994597  42.416478  26.727585  25.888412  14.931118  160.293610   94.713113
440  0.220120  558.088907  0.994634  42.684383  26.882089  26.125628  15.065978  161.372500   95.326474
441  0.220618  561.949523  0.994671  42.953520  27.037283  26.364614  15.201848  162.456976   95.943031
442  0.221116  565.829470  0.994707  43.223893  27.193171  26.605377  15.338733  163.547060   96.562793
443  0.221614  569.726684  0.994744  43.495508  27.349754  26.847930  15.476641  164.642771   97.185781
444  0.222112  573.643150  0.994779  43.768367  27.507036  27.092281  15.615576  165.744132   97.811999
445  0.222610  577.579538  0.994815  44.042476  27.665018  27.338442  15.755543  166.851162   98.441456
446  0.223108  581.534893  0.994850  44.317838  27.823704  27.586422  15.896549  167.963883   99.074168
447  0.223606  585.509037  0.994885  44.594459  27.983096  27.836232  16.038599  169.082315   99.710149
448  0.224104  589.501650  0.994920  44.872341  28.143196  28.087881  16.181702  170.206478  100.349412
449  0.224602  593.513371  0.994954  45.151491  28.304007  28.341382  16.325861  171.336395  100.991968
450  0.225100  597.545785  0.994988  45.431911  28.465532  28.596743  16.471082  172.472086  101.637820
451  0.225598  601.596234  0.995022  45.713607  28.627774  28.853976  16.617373  173.613571  102.286994
452  0.226096  605.666186  0.995055  45.996582  28.790734  29.113091  16.764739  174.760872  102.939496
453  0.226594  609.756478  0.995088  46.280842  28.954415  29.374098  16.913184  175.914011  103.595334
454  0.227092  613.864555  0.995121  46.566390  29.118821  29.637009  17.062719  177.073007  104.254532
455  0.227590  617.994213  0.995153  46.853231  29.283953  29.901833  17.213345  178.237883  104.917086
456  0.228088  622.141662  0.995186  47.141369  29.449814  30.168582  17.365072  179.408659  105.583025
457  0.228586  626.310033  0.995218  47.430808  29.616407  30.437266  17.517903  180.585356  106.252348
458  0.229084  630.497773  0.995249  47.721554  29.783735  30.707895  17.671847  181.767997  106.925074
459  0.229582  634.705777  0.995281  48.013610  29.951800  30.980482  17.826907  182.956602  107.601212
460  0.230080  638.932949  0.995312  48.306981  30.120604  31.255036  17.983093  184.151192  108.280780
461  0.230578  643.180594  0.995343  48.601672  30.290150  31.531569  18.140409  185.351790  108.963784
462  0.231076  647.447768  0.995374  48.897686  30.460442  31.810091  18.298862  186.558415  109.650241
463  0.231574  651.736015  0.995404  49.195028  30.631481  32.090613  18.458457  187.771091  110.340157
464  0.232072  656.044010  0.995434  49.493703  30.803270  32.373147  18.619202  188.989838  111.033551
465  0.232570  660.372206  0.995464  49.793715  30.975811  32.657703  18.781102  190.214678  111.730433
466  0.233068  664.720842  0.995494  50.095069  31.149109  32.944293  18.944165  191.445632  112.430816
467  0.233566  669.089670  0.995523  50.397769  31.323164  33.232928  19.108396  192.682723  113.134713
468  0.234064  673.479031  0.995552  50.701819  31.497980  33.523618  19.273802  193.925971  113.842134
469  0.234562  677.888486  0.995581  51.007224  31.673560  33.816375  19.440390  195.175399  114.553096
470  0.235060  682.317821  0.995610  51.313989  31.849905  34.111211  19.608166  196.431028  115.267612
471  0.235558  686.769589  0.995638  51.622118  32.027019  34.408137  19.777135  197.692880  115.985684
472  0.236056  691.241938  0.995666  51.931615  32.204905  34.707163  19.947305  198.960977  116.707332
473  0.236554  695.734169  0.995694  52.242486  32.383565  35.008302  20.118683  200.235341  117.432573
474  0.237052  700.248605  0.995722  52.554734  32.563001  35.311565  20.291274  201.515994  118.161410
475  0.237550  704.781240  0.995749  52.868365  32.743217  35.616962  20.465088  202.802957  118.893872
476  0.238048  709.337096  0.995777  53.183382  32.924214  35.924507  20.640127  204.096253  119.629951
477  0.238546  713.912593  0.995804  53.499790  33.105997  36.234210  20.816402  205.395903  120.369676
478  0.239044  718.510138  0.995831  53.817594  33.288567  36.546083  20.993915  206.701930  121.113049
479  0.239542  723.129508  0.995857  54.136799  33.471927  36.860138  21.172676  208.014356  121.860085
480  0.240040  727.768364  0.995883  54.457409  33.656080  37.176386  21.352692  209.333203  122.610805
481  0.240538  732.429924  0.995910  54.779428  33.841029  37.494839  21.533968  210.658493  123.365211
482  0.241036  737.112516  0.995936  55.102861  34.026775  37.815508  21.716511  211.990249  124.123322
483  0.241534  741.816055  0.995961  55.427714  34.213323  38.138407  21.900329  213.328492  124.885151
484  0.242032  746.540056  0.995987  55.753989  34.400674  38.463545  22.085429  214.673246  125.650713
485  0.242530  751.287918  0.996012  56.081693  34.588832  38.790937  22.271815  216.024531  126.420009
486  0.243028  756.058615  0.996037  56.410830  34.777799  39.120592  22.459495  217.382372  127.193055
487  0.243526  760.848347  0.996062  56.741403  34.967578  39.452524  22.648479  218.746789  127.969880
488  0.244024  765.660715  0.996087  57.073419  35.158171  39.786744  22.838770  220.117807  128.750483
489  0.244522  770.495930  0.996111  57.406881  35.349582  40.123264  23.030376  221.495446  129.534876
490  0.245020  775.349106  0.996136  57.741795  35.541813  40.462097  23.223309  222.879730  130.323091
491  0.245518  780.229875  0.996160  58.078164  35.734866  40.803255  23.417565  224.270682  131.115105
492  0.246016  785.130324  0.996184  58.415994  35.928746  41.146749  23.613161  225.668323  131.910961
493  0.246514  790.052338  0.996208  58.755290  36.123453  41.492593  23.810100  227.072678  132.710666
494  0.247012  794.996502  0.996231  59.096055  36.318992  41.840798  24.008390  228.483767  133.514231
495  0.247510  799.963143  0.996255  59.438295  36.515364  42.191376  24.208038  229.901615  134.321667
496  0.248008  804.952186  0.996278  59.782015  36.712573  42.544341  24.409050  231.326243  135.132989
497  0.248506  809.962509  0.996301  60.127218  36.910621  42.899704  24.611436  232.757676  135.948213
498  0.249004  814.997578  0.996324  60.473911  37.109512  43.257479  24.815198  234.195935  136.767342
499  0.249502  820.055809  0.996346  60.822097  37.309247  43.617677  25.020347  235.641044  137.590394
500  0.250000  825.133582  0.996369  61.171781  37.509830  43.980311  25.226891  237.093025  138.417395
501  0.250498  830.235978  0.996391  61.522969  37.711264  44.345394  25.434835  238.551901  139.248342